f094382a-74ab-4fdc-94fc-e90a69255073,5435550001,7696122416018233834,305,95,10
73518ec4-93b3-4f79-a205-cb6ddcbf84c8,5435550002,329563242575659558,309,23,10
b7eb2882-9992-4710-becd-7361e7a0309b,5435550003,679191379086614052,128,23,10
e65930d0-c764-4403-95fd-0ced3f5cc63a,5435550004,6114321400712736226,344,36,10
375ba5fa-da6e-4165-80bd-5fe4c05adf1d,5435550005,-1832955287401827584,172,87,10
acb69212-5259-4f67-8ba2-13b1555f4d7e,5435550006,-3626652924008626026,302,17,10
5b2af513-5c12-4d3b-9c30-119bbfd57e75,5435550007,6848554996272802494,232,40,10
a37b2792-3636-4d02-a1c8-4ad38c0e0c9b,5435550008,-7624174194519234488,329,6,10
229bdf83-39c7-4c21-8056-60e96ca07049,5435550009,-2599380803370870165,470,53,10
23b8f543-a21f-4945-89d9-528c02478bf4,5435550010,-4871661511321293049,377,35,10
d901559e-7396-48a3-8d4d-826c084f272a,5435550011,-1439749469330447677,180,44,10
b3de78c5-c90b-42aa-b18d-6e5f9d8c4074,5435550012,-1501197649246354276,77,13,10
3b546de1-4e50-4823-acbd-ed4091df5eb3,5435550013,1090415512215843273,220,97,10
8fb2f74f-aab9-484b-b062-cb9f772cc4ce,5435550014,-5251456436600428743,213,97,10
bbca2d58-2c2e-412e-91b4-d650aef7aaae,5435550015,550963123132931945,281,88,10
0e5d18cf-783d-474f-83c2-0517eaa45ce1,5435550016,6519030250958660717,32,85,10
8f12b905-2248-4825-bed1-ff4ff06a362e,5435550017,-6416181277177466828,340,25,10
9484cf66-bd75-4a7f-9505-a3a5b68facd1,5435550018,-6950745395834062803,319,87,10
0c67b7fc-995f-44c8-a9f6-6ea55b0502c1,5435550019,-726838429813452814,371,21,10
beffb997-e9aa-4bb0-a0fc-a16b29805e71,5435550020,-7521174424240210751,404,41,10
ebfd0d82-b3bf-4a65-ab26-4b41b9d14980,5435550021,2286892958068981205,200,35,10
f80e1500-ae41-4f8d-8772-6bb15e503bae,5435550022,-678272366066184252,231,21,10
50546c0a-bd2a-4ed2-bd9a-2fdad11f597a,5435550023,1712883249596150740,440,41,10
ace46f31-1071-44d2-8325-fb60d5a1eee0,5435550024,528625027522860477,487,96,10
20b64742-80a8-456b-9509-0bacac22ef4f,5435550025,2894734089716818604,290,14,10
80f7622a-3aa2-44bb-9dcc-0924fd973e3d,5435550026,2801066590320322854,51,2,10
556e9b22-7d35-419d-9f65-7663a4cffa5d,5435550027,2260814994672189047,201,71,10
071c9a01-e63d-4c92-8a04-ae29d74ce03d,5435550028,2821234410921332320,487,12,10
c9b42ec3-f71c-4d1e-946d-f62634e0d7b4,5435550029,7021977320502302917,11,62,10
f165ebc5-a1b2-46df-acdc-0fe6305e12fa,5435550030,-6101749038074743860,278,84,10
79a51b00-beeb-4959-8f0a-9f71dbc5597e,5435550031,-4672102708109544135,178,36,10
7a969698-e392-450d-8d21-24d173a91ca6,5435550032,2904995757938507454,143,65,10
d73cbd96-ecba-40be-b3ed-1a2d92e276df,5435550033,-1724627055922108739,302,54,10
8e9ba88c-d1f0-49c5-a0f3-2a35fe96d929,5435550034,3471886873170949566,437,3,10
b95b2b8d-dcd9-4270-9f8d-58dde517ef9d,5435550035,664230338192230642,282,87,10
272b8240-0d24-4c35-a946-da5c24c9c9c0,5435550036,999488787567917291,379,62,10
8a4ed4cf-f2f4-4273-baee-4bbce0172f7c,5435550037,1564292119414287989,229,24,10
aa954dc7-0ff3-4d1f-ab9e-13f9aadeea0b,5435550038,-8957427085249634504,336,57,10
754b629b-a42f-45c7-9b71-3e3ee9fdeeb0,5435550039,2898510916586384934,456,70,10
45f43430-25a3-440a-9b16-f1f5f3936db0,5435550040,5035487109593124216,53,21,10
83da5ffe-e1ab-4ba5-b2b2-f701cfa8a4a9,5435550041,-8445890936029852076,248,45,10
310a5506-efd1-4c07-8041-2b631c547ae3,5435550042,-1897426674395695605,369,15,10
2a442b0d-26e2-4702-9e8d-1aaf647bec0c,5435550043,-2684876222594686973,381,78,10
df575fb6-b615-4f3f-a3a3-6c943d4eca43,5435550044,-9007393270821759709,354,14,10
98706930-6378-4010-8789-e6f846149202,5435550045,-8624694547579217255,379,43,10
138a9390-43fc-4b55-95ea-4a9c2f982f8a,5435550046,7153815894728144014,294,63,10
cb0e70cf-9980-4786-ae04-7a37b922a662,5435550047,8146047592744878419,251,86,10
ad775714-90fd-4162-8e97-da596ab79eb1,5435550048,3107034482067341004,392,0,10
dc8b2fd9-c6f2-46db-b8ed-637fd7fd1727,5435550049,-6995316515077025401,419,54,10
14dc8b64-0f80-481a-aa14-ac79db10a564,5435550050,-2976590112160155928,444,61,10
25bbed14-dd97-4dcd-a8aa-506ea14d442a,5435550051,-4116966955465002723,28,6,10
b732dd7d-3110-4737-84b6-a2b46952ff80,5435550052,-5785733681170130774,36,5,10
6d45762e-4ead-4603-ba42-5aefa8862393,5435550053,6972522547851535356,91,63,10
92c52d35-42e2-4561-8905-80a8745ebd1f,5435550054,4510958102500711051,249,76,10
1449ea72-56ba-426f-bc14-cd18bf68d4b9,5435550055,-6495468393814984383,327,85,10
94d969b5-d2e0-41f7-94c4-81f217738469,5435550056,-5846250924700076723,179,39,10
a0caaef5-7735-4677-a3f7-592c6c71deb4,5435550057,-1078764443590318094,323,46,10
fb2e8c8f-2ce7-4677-8837-d2d4561b6dc2,5435550058,256110224336016886,55,85,10
27b47a78-9442-4304-9b25-c5ceefd0a556,5435550059,-7146045111309053174,473,32,10
39cf767b-865b-4dbd-88e1-5f29d828c34e,5435550060,1090303054983543102,11,39,10
6368925c-75bb-4e07-a2af-d3537377954b,5435550061,387223900574006314,357,22,10
715ebad6-9f50-4cc9-9514-386517da4824,5435550062,7740365496609605058,296,68,10
082e476b-0cd4-4226-8eec-324cf28cc3ed,5435550063,2892169175342003794,363,1,10
2402052c-8769-4207-81d8-44610a34501f,5435550064,-2275342770920335486,369,29,10
e6fd6126-d84a-4ad8-a805-6ab489c336f9,5435550065,2992094839411268236,468,10,10
00f737b5-5199-4e1c-bb77-d73b7428466c,5435550066,8841485852514176366,494,13,10
adae769f-3ace-476f-b363-d32dfe6aa97f,5435550067,5462870267151917846,141,88,10
9ce28f83-0eb0-46bc-ad03-5fc827121e95,5435550068,6600946459162119709,395,29,10
9113affa-2e45-4902-a4df-c5ca38239ec4,5435550069,-1754300965489512123,168,10,10
f8174e5a-ecd8-486a-8647-2e53f347cc78,5435550070,8813913018283680262,15,35,10
f317b8f0-35b8-4e7e-8b24-2669828207ca,5435550071,4167285344524520462,367,55,10
56fc2769-b2ee-4967-a2c7-943bdb119e19,5435550072,-5677441415565163297,422,65,10
83eca928-edad-40c1-99a6-ff1693b2312d,5435550073,-144364205485654234,467,82,10
962d5a0c-6c5e-4003-ac58-82287e31ac12,5435550074,-7936256852753105642,251,97,10
888fcc1f-fd21-446d-8beb-4b134b9b8612,5435550075,-7773568573249326713,112,65,10
588c52a7-6a9e-499f-83b5-a15d252550c1,5435550076,3577870975712700320,385,46,10
83ec5f22-9974-44e6-9cb5-d02cbf615966,5435550077,1249055015555438560,256,72,10
5866739f-f78f-4f61-9ce4-e96b9903715c,5435550078,-6188243699592267844,454,30,10
73e146a7-1164-40de-a3bb-33576b64f45e,5435550079,3562587219845029994,106,68,10
d5b4637b-c54a-4814-a0fc-f3c82e26b1d5,5435550080,-7827747077595476508,14,49,10
d6225335-f02d-4dd6-b561-6d46b36f0099,5435550081,1964847996176468914,35,22,10
5baf0c69-f75a-4000-9634-35a377cefb26,5435550082,-1883250621449361516,309,20,10
802372df-2adf-43ed-8c89-d8b690345dc5,5435550083,2015467969998466644,412,41,10
4ac4a4b5-548c-4f69-982a-f2686463e615,5435550084,-6953719500588521248,68,97,10
4ff7b8ed-0ffb-4ea8-8ffc-4383345712bc,5435550085,164838553931892501,236,80,10
c2963b7e-2fae-4e84-be94-0b2d4e0b8de8,5435550086,2298707856113718422,408,6,10
eca00976-eb28-4499-8687-6f233e590b2f,5435550087,-7864491186731667139,100,59,10
3e48cc0b-ad5f-4057-8d3f-f963323f6145,5435550088,5376253543512535001,15,99,10
d9dba362-0c1b-4e94-9d74-8e5c19bf89ac,5435550089,-4537673574712726410,262,64,10
92e1d2ae-7fca-4870-ac9b-cc257ed69140,5435550090,6573568813462237449,72,25,10
62da5fae-335c-4511-b10c-f7b7f912cac5,5435550091,-3251092531095995908,55,85,10
654d3779-46eb-4d23-b4b4-384b1c834834,5435550092,5788284557099766507,371,82,10
6ca4eee0-e1f8-400a-bc14-dd39f87e95b5,5435550093,7202153990032135064,7,7,10
7b34cbf4-384f-44a5-a8c1-f43dccfe6553,5435550094,7633856411724289600,88,43,10
48215d19-45e9-4bc1-a225-b5eafa99734a,5435550095,-4595311632277725016,422,27,10
307c862e-0752-4fb0-a2bb-dcfeaefd3ed9,5435550096,-2851626882704977980,169,96,10
7b749f39-4def-4150-9a31-3a3b14c2f01a,5435550097,8955239344651927493,222,73,10
2e19a80e-7139-4f4d-bbad-fc6b16cfbac9,5435550098,-3303552478274145880,274,47,10
7e07a455-ff8a-4617-88fe-1c0d00bd2276,5435550099,-7605659788076198315,143,29,10
99cf3a40-dbed-42f7-bc6b-264a61304232,5435550100,1429825248778010183,406,45,10
52fe99f5-16fd-40ea-8879-a1fa4b836f34,5435550101,3310711174198969486,233,39,10
a4e90039-d76d-4856-8138-a7866d42445a,5435550102,-5407358619341788474,160,68,10
fb57e763-9735-4ba5-bfaf-087c28327cbc,5435550103,-7129487170839131142,422,37,10
715ec1d2-fc54-4ad0-9fad-6786d514eabb,5435550104,-8010661675335679933,313,97,10
103d6ee4-182b-4e0c-b329-f7bc847045a9,5435550105,8504364957429574582,50,67,10
84757429-ba67-460a-9e3a-f062b72db4ff,5435550106,-4010130112112585458,67,66,10
053097f8-a7c2-48b8-b906-8c784ac751be,5435550107,-4167261198456103841,473,47,10
59738b5f-b7f1-4a8a-b73a-98394e539401,5435550108,-8177331669625524054,491,58,10
8d9b10ef-eb90-4580-93ac-f740951b81e7,5435550109,-3023447077923162081,195,84,10
789df703-47ac-463e-8a90-05bd395895b8,5435550110,5938756247532304126,415,78,10
8fd588ba-3c55-42b9-875c-e8088c465381,5435550111,-8585631431793537324,384,12,10
c3f1cd87-bd97-4ff4-8085-78d29b70f7d5,5435550112,-6040335897016907740,83,76,10
199384ac-8a31-4d76-9781-38f182ee19f3,5435550113,-1519815936679517339,186,37,10
d3f84203-36b6-4256-a44e-e47a73084a52,5435550114,3255178880937229949,97,32,10
576719d3-28bf-4f44-988b-6b2583e99c0a,5435550115,-3830263771100508190,42,39,10
35f4c5cd-9c52-4eb2-af64-f5f308a02988,5435550116,562800622737648284,8,60,10
f00ffb7e-2714-489e-bb6f-18913b4ba01d,5435550117,-3132574584753523172,259,95,10
bd365dab-3771-49c7-b99a-8d37da4810cb,5435550118,-2225353335589608233,439,82,10
5ca744a3-404f-4922-a9b9-58ff7f3f71b0,5435550119,159438560598687393,283,29,10
522078c3-3fd2-4056-a542-51fb4fc8e787,5435550120,1402165162360312533,191,35,10
20fafb77-1246-45a5-924b-044e999b0cf4,5435550121,8124742994551936257,394,6,10
31faf79d-4417-4180-a11e-a2732fb4731b,5435550122,6697539607706321098,99,25,10
9323d09d-f467-4c1d-8406-a42984a38e13,5435550123,5433409783629280703,194,15,10
28ce5098-979c-4be4-bd5b-fbeec7e43201,5435550124,-5339867161194226900,296,59,10
ce4dbb91-bbdf-4761-bcdc-b573d947b542,5435550125,-1430294789747966252,73,63,10
930431eb-d85e-4208-92a9-c4a8a1330cae,5435550126,-4282854698915308380,150,87,10
6a732451-5c56-4e28-9f9c-de5d1fbf317a,5435550127,4972382049398942003,400,21,10
c288a1a3-572a-4f46-bea4-cc68977c3647,5435550128,775010856638641631,35,7,10
cafb0ffe-6fbe-4f8e-b03a-74dfe8cd7173,5435550129,-6812105992856371036,176,32,10
86838bd9-3ced-4bba-a3a0-a0b5840b25d1,5435550130,-2448136290490407582,134,16,10
7465e2d6-e877-4126-986e-d97394110f9e,5435550131,3073564311609239331,197,55,10
7fb4da55-747f-4759-8c30-316e30cb018a,5435550132,903801528744143197,170,30,10
e4f287e2-a914-4405-ab29-c303e9b59d1a,5435550133,-2132921793417564021,176,21,10
03638819-44ce-49e6-b347-4f49eaac654a,5435550134,-6490815611029324374,133,10,10
2896c98a-cfdf-40f1-ba50-a61e8c9e271d,5435550135,-7747250460394371650,31,67,10
a2e7d42b-fa8a-4e9b-a997-6d603188aeed,5435550136,-4867880196443485910,122,98,10
041bb53d-b5b8-4638-afcc-155faafbc75a,5435550137,1073545839326994309,206,89,10
c33eb326-5923-4340-b833-67f78d81f8fd,5435550138,7065959209132483886,479,25,10
63a1a39b-d8ec-4b1c-bf51-a2c1f3b8c9c7,5435550139,-927722282852675640,216,5,10
f318a576-4d89-46e9-84c6-a565fc294d2b,5435550140,6278316301044451928,210,75,10
926657f2-11c4-4de1-bac6-ccfa7e4b4a48,5435550141,6040561359932204228,38,26,10
37f19850-8be1-4285-af4b-cdbf8bdce2f2,5435550142,-6802263770509940693,363,65,10
2edd9481-95fc-47fa-a394-eb4f07e7eff5,5435550143,-4984842394279892661,466,84,10
2689a51a-f910-421f-9dd9-3758bdc42ebb,5435550144,-4862533658254941975,345,7,10
001fe5c7-ea35-4f35-99be-572d488890ba,5435550145,2483824424520972763,164,8,10
cf517464-3578-476c-818d-0911cdd46271,5435550146,-810428840982376633,316,54,10
eb8e0cc9-0bb4-4749-bb56-623928b15630,5435550147,8663484562043770973,315,90,10
f27f1585-6fd3-4e07-b8f6-fd269670943d,5435550148,3542680698822497863,353,92,10
da9003de-8c44-43f6-a61c-f402f61ae948,5435550149,652592165897417682,264,14,10
e6bd9107-10ee-452a-9899-5e3871acc858,5435550150,-4023653045881403158,85,67,10
bc84b9ed-89c5-4568-a089-2ab653073329,5435550151,-8060950382794555046,119,26,10
2b99ebd0-ea09-45ed-b097-720225b21d53,5435550152,5862718791928285669,278,68,10
0389cb37-ed5a-4967-bf10-e4aca119f339,5435550153,5453172777499876647,378,3,10
0c1d55a7-136b-460d-854e-fe640c5d52cd,5435550154,-3192704813970202372,173,92,10
43b04d2f-5dab-4b1e-92a3-1eb092f90607,5435550155,-6267933142665021376,294,39,10
6bc9d1b6-dcc8-485e-888e-59dd5f77c8e5,5435550156,-6514494383106771428,152,8,10
15d662b3-91bd-44e5-9321-4f4cac596e97,5435550157,-5890410935591887751,66,83,10
a4eeaf53-8b3f-4f59-bc61-5fcc0754965c,5435550158,-5838521300481799501,375,46,10
86d53bc6-6d41-4878-a1aa-ab555db7114c,5435550159,7849072695115041869,414,31,10
b6f63f83-d4d5-409c-aa19-aa1a580de5ee,5435550160,960253260660666115,307,32,10
56bd82b2-5a3a-487c-9812-29deb09dc91c,5435550161,-61198712637847284,255,32,10
3c0045b0-d17f-4a65-b65c-ced20131bb97,5435550162,-3815800891266382857,352,99,10
2fdb79ab-598d-4cff-bc88-08545ecfa2e1,5435550163,-3276656790538386930,243,23,10
83b5377f-98dc-40c4-9b9c-5ceabc2c13f5,5435550164,-5033260828899581291,244,6,10
eb2a0f17-c9d4-407c-8533-bb0d12483877,5435550165,-2430063214897088166,317,99,10
f06f50a4-5700-4ac8-b1a8-ddcb18afe8fb,5435550166,1723074983445368900,385,29,10
f5b9cfd8-6c26-4db1-82d2-e87500104bda,5435550167,-6507198133026084103,348,11,10
4f10dcf0-bfea-447c-855e-7af68b4f3fad,5435550168,-8612739860285003953,267,77,10
3da59a65-785e-4836-a7cc-f3493ee728bf,5435550169,8548213829205640964,369,60,10
9369ee95-7c9b-462a-8e63-cc79ef2ca80b,5435550170,-5297906880211287517,80,2,10
8edceb13-4994-4e42-9b64-a66f7ac2c81e,5435550171,-3081312931220032171,32,56,10
66ed31bb-978c-429e-9a44-0cac531be10d,5435550172,2908907868318678881,159,81,10
ade6b82e-4fd6-4b40-a9ed-2572134b2c00,5435550173,-5921070853203320462,401,47,10
5cc4c03b-35d1-440d-9c78-5fc681563166,5435550174,-5458519952855727271,333,40,10
49b047d1-1294-49d1-8c57-e608e9fc4efe,5435550175,-6382629671362633907,42,29,10
7e45b72b-29f1-44d7-b551-0128df25d0e4,5435550176,7573063989521791551,472,96,10
f1f9baf5-c7ea-461c-90a6-193763892f37,5435550177,-3999140429843829949,280,64,10
d7aadfc5-dd27-4003-a6b5-c84a2d37c2da,5435550178,1364611345565858928,80,31,10
85e6d739-13b3-41af-91d0-af80469aa030,5435550179,-1503164260720118585,246,85,10
6904201d-f4ee-41d5-94b6-9edef3cd8e88,5435550180,-5477657060689186220,12,81,10
ab1538f0-7979-41f5-b234-bd58775db599,5435550181,-486476839550214469,493,48,10
d4d2052f-92b1-450e-a247-bf5b0afcc2ad,5435550182,-5161003102527864338,149,46,10
22009eb6-0847-43e2-8999-84499cfdc49e,5435550183,6858195033282092264,5,65,10
da0c9381-4aea-433c-96af-5253897d7cdf,5435550184,8182356385678191359,140,72,10
58a46d81-5162-4fab-8b5c-6fc6bb78f343,5435550185,-4027069604309224836,64,69,10
6538c519-6574-4e29-88e7-b0ef1cb4b578,5435550186,4609271608979328314,239,43,10
e3f99eee-7d39-4a24-a0f1-8df476b2e1e9,5435550187,5227733185268623015,271,91,10
4870597e-5488-49bd-8a62-5c06fe22b8fc,5435550188,-4844132975202613712,26,67,10
f75b5d9c-172f-4b10-a3c9-1bddf0ce8f19,5435550189,1623989450025963947,131,70,10
419cb211-d490-4037-a76e-8f1ee62aaa86,5435550190,-4152599704110399273,293,86,10
a91c7c91-1eb3-4553-b3f9-4190e0696a14,5435550191,-7700461366930249634,320,61,10
b318862f-75e9-414d-9e5d-5448acf31cab,5435550192,5409907100700650773,150,77,10
38c3ae10-5f5a-4247-8650-1ab8591a1dce,5435550193,-2880864676258853198,431,71,10
8fe56e1a-c3b4-4d3f-b230-780eb3eeaca9,5435550194,800774388233778685,49,62,10
b2cc4e04-dd76-4998-8957-568d9fd71bb2,5435550195,5110574687339062312,182,75,10
9701322d-5219-40cd-869f-712fafdae44c,5435550196,4700773048430662890,373,77,10
3635a43f-f9c1-4419-aab7-cd36bc1a0c26,5435550197,8899817579376461719,103,89,10
ab346a9f-3eda-4129-8f9c-c4dfde03d5e3,5435550198,-7089255632589935128,346,53,10
3d6cd3ac-bad4-4783-866d-bf7f91a5d094,5435550199,-1706632706903148811,103,64,10
5f2bbdfc-16bf-4297-a4af-901e8438db91,5435550200,-7447174648057125396,177,67,10
b6624d92-b767-47f2-ae19-a0c499cc10dd,5435550201,2449482489557893130,215,52,10
635874a0-fea4-4b64-9631-e772b38dc052,5435550202,-2468492648458966322,319,28,10
018df34e-776d-482f-bf5b-cf1417511519,5435550203,-6849424533801432555,34,28,10
f08276ef-4279-4f1d-aeff-4731f85c4849,5435550204,8894849303028212906,14,40,10
30e03edb-2d2b-4977-a7aa-147a90ab6dfa,5435550205,2263648904341605477,178,7,10
a3c25bae-a13c-4a32-97ac-1ce37499c6ec,5435550206,-1093057559650753482,94,43,10
6af3216c-4180-4fae-b6a6-0d91c78bcd15,5435550207,49248848380610156,377,73,10
795a9231-c3b5-4642-9d9b-5c591d58c8f6,5435550208,1868319782233315079,381,66,10
78ed4a18-9bed-41e5-95ca-15ca91cefa9b,5435550209,-8355331508129121314,326,59,10
8d9d918c-cee6-4ba6-9b15-9eae4d33cc12,5435550210,3578735830267476957,118,50,10
0d683474-20c0-4d8f-a9b6-ed6736b11268,5435550211,4758890350749622503,73,83,10
12c748bb-90a1-4473-ae7a-9efc610fdc5a,5435550212,-7532050067453966824,401,10,10
63e466ac-407c-4383-8c58-179c5b514db9,5435550213,-8364209274918577123,10,23,10
04c57eb9-bebd-4129-9786-54d65a279a77,5435550214,-6996206000851051681,452,40,10
66cc37e3-65ee-4486-a4c4-0b4257d716c1,5435550215,-4313213057459201079,324,70,10
ecdbe8df-4c48-4ef9-bd1a-b80666e6e99a,5435550216,6408024159106019754,360,73,10
18f435c6-9ed3-4804-9290-23a3b0dce480,5435550217,5916033764477808981,435,22,10
ddf16258-a0ab-45d4-8e74-93b1a1681729,5435550218,1721375868732959304,76,61,10
70f47dd6-c541-4372-8e1e-d25d51e461b3,5435550219,7922258307212481986,272,93,10
1dd7559a-0052-4327-b08d-b1b89bff53a6,5435550220,-6246297767815265280,320,65,10
9bb1793d-2e62-41cb-8fe2-eb003ce6b45e,5435550221,-8757138970348621601,348,54,10
013e3d67-55e5-4dab-81a4-ddb56526cfe1,5435550222,77132438734386684,47,71,10
c4f9f40e-3011-4cd5-8c38-a21397ab2488,5435550223,-7898039075889015921,107,16,10
43908618-2601-4df8-9cf8-92f8f6ae59b6,5435550224,2963101546926448051,372,83,10
1b67dad0-78b2-4381-876a-1a04051fb231,5435550225,-4831979449166199525,190,54,10
55eecfc2-a584-4f05-bcd2-87125f3b7c7f,5435550226,7869269956687584464,478,46,10
8bba638b-4c9d-4e64-b352-18eadb705a69,5435550227,2554100804121225947,300,71,10
4c34e03f-07fc-4f3d-b3a0-ec820d3ecad3,5435550228,596412789181791357,162,99,10
2873e38d-f4e2-4643-a5b9-f894e14044a9,5435550229,7814308402555466598,147,47,10
4e6c9f34-8f24-4a1c-af75-d7728cc4ac8d,5435550230,-5492792195499267832,105,22,10
bb508404-ef69-44fe-940a-7aa2c4c22ce9,5435550231,-934972591742747778,249,35,10
ff604f30-5b66-44dd-a874-1140dff1fadf,5435550232,-1850393633074437155,436,42,10
0b340f96-6fac-4b97-8ad8-edcccf206f37,5435550233,-585150287244864439,479,45,10
acc71ae6-8fa3-45ab-be42-4fe491e4bdda,5435550234,-2446989344061450648,226,18,10
ab076fe0-d8b0-41fa-affe-ff67e8ecaa9b,5435550235,981514065244072461,242,43,10
101061b0-bc48-4754-b9d2-b3a3da6c9e02,5435550236,605321187170310319,190,1,10
33962d58-137f-4634-8866-1802a107d298,5435550237,-4426572129551945476,300,26,10
0270919f-fc00-481d-8176-6f072bdc33d1,5435550238,-7657885292027743922,142,82,10
a1c904bb-7172-4e4b-8850-2573cebc6b3d,5435550239,8611361578466906682,84,44,10
4ec66536-76ec-483e-a8c1-ea776d8c3ff8,5435550240,6604630577017943143,260,57,10
d6083e6d-9dea-41ee-972c-c7cbaa12c7e4,5435550241,1828281953679786799,154,4,10
8dd63ea4-d657-4dc3-9413-0dc34a4f6bf7,5435550242,7615458694342603068,296,61,10
0844f980-8f01-4b90-bbf6-3b6afaa1b9f2,5435550243,-2486456530229092997,126,70,10
7a2fe743-b1b9-4e45-b607-ef11997e2769,5435550244,-4661483933339707541,271,54,10
ebcfe882-152d-4f58-8d18-50357f12fb73,5435550245,-7239343398896632313,397,90,10
7e984ecc-042c-482a-a6c7-697f0925f1c7,5435550246,-2397674076407003712,152,90,10
06ad3be6-8600-4cb9-9fc2-d7d2297d7f17,5435550247,-7321520883267981201,247,63,10
1f3d3368-382c-46b8-ba8c-ed6b3e70c81d,5435550248,8559064984907003707,403,76,10
add7bda3-7efe-413a-9990-f30dcc19107e,5435550249,2555657346587566496,279,68,10
50f4f65d-1dd3-4686-ab1e-b69790d37860,5435550250,-2896569154508421762,414,12,10
bfb2c564-91ef-49a5-800c-ae26de821910,5435550251,6786666323200064301,403,65,10
49320a36-a4ef-4b35-873d-833b6d0edc5c,5435550252,-4622250162964092907,92,37,10
7b3564a8-864d-43f8-b516-466b54f0f396,5435550253,-9159547524637644129,57,47,10
5423085e-1f1a-4f40-8a9c-cf70667db0c7,5435550254,5463194835260770153,178,30,10
079ef88b-5047-4c5c-ab50-d269c3251b5a,5435550255,8578775728972337924,102,85,10
c2c8e9ba-e9d7-4487-9a0c-7bf56db8bbeb,5435550256,-3272002884174739362,354,97,10
a873f497-73e6-49ee-849f-aae5166ff282,5435550257,6435564511916285484,368,16,10
1016cfa6-6b25-46fa-9669-88147741a4b1,5435550258,-7062192062730488134,478,79,10
38348e08-f922-42e6-b359-600b98134bc4,5435550259,-6590143249099504185,297,33,10
c72dc975-3e8d-4069-9e56-9672c48a1867,5435550260,-3912789372317961598,102,48,10
ba1b4d1a-0149-4648-bd4b-f1cd0486610d,5435550261,8973669665828454258,252,69,10
17efcaac-a30b-4364-abec-9ca1a370aa4e,5435550262,-2358311282793958556,265,89,10
e345a50d-eb62-484a-8d32-bdaf8435ae05,5435550263,6010789610078664215,316,92,10
405b0f82-263c-44fb-a096-662c4ddf2f53,5435550264,-2819497386913165744,4,50,10
8a231e4d-476e-44aa-9c37-5aeb0a4e795b,5435550265,8333278245064194888,362,0,10
1fe3951d-09ec-4318-bc8b-7cffaf40a1d6,5435550266,7441970969836216391,104,51,10
9d1ff9be-a48e-4e5a-a16e-aadcdfc15916,5435550267,3585285272396794156,308,57,10
768ebe03-7ffc-4b5b-bba5-fca9a6fe1c61,5435550268,-214867698639931097,193,47,10
9c012b94-4703-4cc0-816a-07b662f11088,5435550269,6216724282602287656,161,5,10
ee1b393c-e3cc-4eab-9c94-8a07edf3150a,5435550270,-4737326586499356131,108,85,10
ef10f02f-bf2a-4e8a-ac4f-528f02b6fab6,5435550271,-7552016391286283077,314,5,10
cf067673-22af-42fa-80a4-d2c109e5c8e0,5435550272,3237988484497891066,373,28,10
27492418-d65d-4bf9-b833-422e6b7b5e40,5435550273,-5491666546129215836,174,55,10
6c5224b9-ed17-4a89-8ca0-39403e59d6ce,5435550274,4789177552380165162,366,33,10
e3bea673-bc45-4b0a-9601-e37c0fdf1bbe,5435550275,3303976784524443735,409,62,10
6c756894-486a-4ddf-8913-5a6a9a4d8d4a,5435550276,1050569714633462912,31,99,10
170e5013-c4d8-475e-b14a-654a78d2c8a3,5435550277,-1419614570643019369,162,22,10
581542f5-0a01-44a2-987e-64c43dcd3bd0,5435550278,4983470245677515405,113,46,10
4dc594cc-55aa-4dce-a07f-55c3f4877221,5435550279,1106606145069413613,352,2,10
47fd4116-8ef2-4bc9-b20d-36532a12d085,5435550280,4345283840088676798,370,33,10
bc8e762d-f37c-4252-bad9-601bd24198ea,5435550281,-3456553444392774743,378,8,10
109774c1-7476-47db-969f-f702cacd4f3e,5435550282,8838547282643142593,338,33,10
c33bbbd4-b0f5-4969-a1c3-941fd530daa6,5435550283,315649063678711817,193,9,10
381d9be4-fccc-4d3c-8e2c-35dd7e3cd1b1,5435550284,4923510661956211866,176,47,10
9fe9c856-8af2-420d-aeec-af206dfd0471,5435550285,3713118047153009944,485,9,10
5f3af0d0-0ede-4cea-93a8-d15599ef830a,5435550286,3820303341487711371,176,46,10
81548258-6768-4db7-a78f-ccfa7f12c54d,5435550287,8038351815802293559,499,61,10
0eb5b0b0-5cdf-4c3b-88fe-b5d64cef322c,5435550288,1468324580110200664,438,73,10
9dd76067-145b-4c7f-a2ba-b5232431682a,5435550289,2354384819405055308,139,90,10
f0961506-ab31-4c48-a8f6-40e0a59e5c82,5435550290,5371886409997380874,146,62,10
5a124cc4-f5a2-4a4c-88a1-9e446935617d,5435550291,-7207430939996900776,233,98,10
7f1d13d7-88b9-443b-aedd-f0b69615327f,5435550292,4360213068627955747,392,80,10
3af317a9-ee48-47e3-aee3-3cda5111e274,5435550293,-8676409686353336961,283,11,10
a4e9a80b-e2fb-42e7-8d00-a7d6ccd2ae59,5435550294,3785788136964087873,380,58,10
81dfac2e-ff29-4bb9-93ed-24251b10f025,5435550295,-9215529824762552486,257,39,10
5141f84d-c19d-4d9b-ad6b-296ea5fb7e8d,5435550296,5320777719890736966,497,64,10
13e58f85-b760-4edc-908c-a99a442d9bf2,5435550297,376429196448771474,267,96,10
8a33bf5c-7351-4de1-8f80-ee09de07b5e1,5435550298,-7599855616532772427,480,21,10
8a8c9bf8-655d-46fc-a7d6-483f23ed7586,5435550299,-8177387593468675816,471,80,10
ef583b1a-f571-4349-b4da-165d6c65cdb9,5435550300,-5150432066499765034,149,44,10
befa1265-ed08-44ef-b436-4f46fe2abd46,5435550301,6382266406596641800,81,26,10
51a044d7-cff4-4b17-b333-8672ba6cf764,5435550302,8115028789921473972,424,40,10
4ea96f74-7557-404c-ba24-96eab5f8e38f,5435550303,7530377567513987406,275,70,10
7a28d69e-ef71-4e45-b6ef-57372b099b58,5435550304,7369145202434246987,56,79,10
49620353-bbec-42d1-9420-f0163517fbd5,5435550305,7002890549189473371,334,28,10
dd0ca88f-28e4-4a60-9de5-36a2b30c21a9,5435550306,2751719702040200696,46,21,10
09fa0ef2-fd7d-4d12-944a-f1660000fcf6,5435550307,-7462122743403198527,91,94,10
5127a5b1-7ab4-4dcc-a419-28ccf1dfc4e5,5435550308,-7680119628086250404,337,8,10
a1be3042-8e30-4a73-bab7-a371e7133005,5435550309,-6393275662823677784,54,37,10
0647bdac-1d6b-461c-bc0a-20f0fa60e25b,5435550310,-6690499559465359120,209,4,10
109a3d32-75f1-40c3-8aa4-b590290245e3,5435550311,-446493942766843742,287,90,10
b4ff745c-49d1-49c4-b338-d08d01742194,5435550312,-2668611792491614229,154,3,10
363f59d1-00c9-45fb-b40e-918d51be98ff,5435550313,1756700979345328279,61,18,10
fc1b4436-ce7d-45b6-a623-b51fd4e5d06f,5435550314,-3788514250513973565,320,88,10
f254037f-6dac-4298-9745-7126da75c8ad,5435550315,-1556553425373675214,313,57,10
94f5fd0f-8717-4042-8453-ce228d64181a,5435550316,-944499563753929284,210,99,10
c98553d4-a58c-4eba-a105-d7ed1baf1a1c,5435550317,-3011975150186467758,141,87,10
d0c15b26-26f5-41cd-9dc2-1db6dfbe51b6,5435550318,-7159617854239233333,278,32,10
804b9026-2fe9-4701-93df-f4c926af18ed,5435550319,-5613482334253633712,239,49,10
f711f5ce-99d9-41f7-90ba-0d61dd52e42d,5435550320,-519059018711870916,119,86,10
a0068877-e515-4dcf-84b2-6b874aabda66,5435550321,2248840858502829187,350,42,10
23b2db76-793e-4853-9763-7a72bb1e3fa0,5435550322,1228548152949475400,190,67,10
c934c09f-b796-4320-b06b-e370198526ae,5435550323,-3186965951872494156,467,84,10
be216982-91c2-41e1-af62-4429c791e008,5435550324,-1799248019922761887,312,0,10
e6d15a8a-ef91-47e4-8f23-f93eb907b839,5435550325,7350897071534426266,76,34,10
51253185-722b-4c02-95bb-5e9ae3b9afc8,5435550326,-6783704895835248571,361,80,10
a267aa57-b44c-491b-91fe-0c4babe97dc9,5435550327,7283410527207170887,110,9,10
3f0cef81-8a03-45c7-8597-deac18aecc2e,5435550328,-7972729818232794783,487,87,10
97b83fbf-0080-4149-8354-608e3dbc7707,5435550329,-5781554854357418725,312,97,10
89ab8abe-6a64-4be7-a212-d97f4db60283,5435550330,-2653234231357617927,360,46,10
284c82c4-5779-41e2-bf42-27f34f3597f4,5435550331,4821171820031462666,483,24,10
000f3a05-b2ed-4300-bb78-615690e0366b,5435550332,2531108824596825062,19,57,10
b88f2830-9899-4aae-ae49-69c8d86f76fa,5435550333,-3762744916366611825,239,1,10
dabc47fe-d5e5-4889-94de-00cb58ceeb7a,5435550334,1104044898633552210,44,63,10
9423ff7c-743e-402c-8e11-6ec6f7dd541d,5435550335,-6650782947016618273,469,1,10
5cf91084-daa6-49d8-adfa-6f57d5b26ea3,5435550336,-9212379583437215116,447,8,10
48bdd5aa-25a7-40cd-9c10-42cbc04ba4eb,5435550337,831432896654105848,123,68,10
940d3d57-54fe-4134-add2-4ec8089b1224,5435550338,-4981924184675094233,111,17,10
6517e2d2-1be3-4dbc-b43a-368f4fd5b7b0,5435550339,8338383241469847273,367,23,10
23ce58fb-b13d-45c0-bdfa-037ab178a7dd,5435550340,-6530765008661168649,499,75,10
a2a69e9b-4b77-46b4-8925-927b59ced269,5435550341,9218421813515940179,467,43,10
9315e1aa-5c09-463c-b86b-8c06c46fa640,5435550342,-2914125176837785465,376,80,10
7e721715-30b7-4805-b4e7-9b7970c31bb1,5435550343,3550622401181199930,382,70,10
d031992d-5458-4b8b-9303-12ef471d20c9,5435550344,1027755738910953436,272,64,10
5955dcf6-e156-460e-8597-c697faad69c8,5435550345,-1066450763459302533,433,42,10
d3138a0e-0117-4669-8d44-9496eef37d1a,5435550346,-5283503505359195952,193,32,10
cb9bb8bb-6300-489d-a7a0-62666a454488,5435550347,8807951981891366271,101,16,10
7e364db1-2c30-43bb-9b87-09b27e8582c5,5435550348,8576914725662560697,190,48,10
d4751826-b8e1-40fa-8a1f-2d7bc6af9059,5435550349,-2689249821741946741,123,3,10
696798ad-1fa4-4a2c-9a97-0c7364922e34,5435550350,-237451053596819213,20,2,10
cae0a770-cbff-4442-8541-4465593b2636,5435550351,-3326367448723222831,86,16,10
7989a76d-cab7-421f-81d2-5389311ee502,5435550352,-4459032844429004345,238,98,10
aefd2533-b3db-4f72-aea4-a0ead054ccce,5435550353,-2715105327000274461,400,24,10
b5c71bd9-6546-428e-b032-e2d5b7456f68,5435550354,-6500556900301451129,199,9,10
0fa22ce2-68d4-4149-a3c7-0e5ea75cb797,5435550355,2640181999935952781,24,49,10
d2ebc9de-616a-4f90-ab24-25da578fa534,5435550356,2558829405184667283,428,57,10
ed49009d-e6c6-4318-a84d-66aa3e7c44ef,5435550357,-6751548180971508667,386,32,10
0fcc8378-b019-44a6-afc7-cb186be15141,5435550358,3233085950240817954,28,61,10
e3b8e630-b2e4-4f54-bd52-6b43727a237e,5435550359,7134754967438166652,235,98,10
fe04ff21-dd7e-4194-8c85-9e52a1799a81,5435550360,6220450125413596216,399,59,10
3ba35315-df9d-4b19-b2b7-68f910dfebe7,5435550361,4723842206851673307,137,92,10
589a4e44-6af7-4d61-ba26-c8ea7f58336e,5435550362,2484524319814620874,174,10,10
5614233d-f4bb-45f1-8cce-947e45f6e323,5435550363,-7064311256141945622,125,5,10
ecee2d9e-daa0-4028-bb56-388c81fed1ff,5435550364,-3989055281942353991,211,41,10
f391e156-86cb-4042-ab5a-20313aeea4a7,5435550365,5539004310736232444,59,48,10
5c6cbb8d-5c85-452f-b365-b1f1701bb6d5,5435550366,-3032805849840142222,398,26,10
dbf7ff6f-b187-48d8-a681-f12a28f1dae9,5435550367,3964036167166236151,305,43,10
844e5603-abd5-4812-a33d-59d8e4ef78dc,5435550368,3098225406464319473,336,41,10
48b63150-daff-417d-9ed2-ebf81ab696c2,5435550369,-3377781905699228896,146,70,10
2c7beabb-07e5-4ef3-8c3b-2dacb1b0d231,5435550370,-6117211128540293053,136,73,10
57da123e-5bcb-4422-b8f1-85075115e834,5435550371,5956637390953557408,434,77,10
9433f0ff-4bd2-45e9-a91a-f405a2a75f9d,5435550372,-7802988093299937366,121,73,10
92df2e9c-de5e-4724-8e99-d033e03976c2,5435550373,1855209936133451359,225,55,10
f67f97ba-fa4c-432b-a411-1f2b280e43e7,5435550374,-1900820664606920196,231,59,10
dc39f871-91a4-4981-849a-028682996b37,5435550375,-7714592916747618364,4,93,10
0af9a573-52fe-4557-89a1-1c48c43c9098,5435550376,-5585207904913537236,364,89,10
3ae332ce-ad81-461b-b3e2-3cf5274f5808,5435550377,5717906546856071173,365,81,10
babbb6cb-e67d-4432-91d7-6e2c5b55bced,5435550378,-9148691664313645554,438,8,10
e5da38ee-562f-416f-a99a-f2a266fe623d,5435550379,799170830021577993,125,35,10
b9fbe276-fa82-4e9d-b8da-319cba0e1252,5435550380,-8500100187104105155,141,14,10
e0b4ad06-551a-4c57-886f-a31536fef17a,5435550381,-7247953078584180377,58,16,10
7c344961-c417-42f6-a760-3bc6417f229e,5435550382,-7418054176790176893,422,72,10
45c80dd2-8cd6-45ba-8101-7140a040ba7b,5435550383,-1528613163569439935,102,51,10
03377a88-86d6-4c1c-a21f-48fc348d2161,5435550384,-3970663333808900265,212,50,10
4c0e91d6-19e9-4cf3-96f2-bf8d4ec27015,5435550385,-2529766833730561310,145,97,10
8b49f16c-3f29-495b-bd44-9aa5b8188a99,5435550386,1073739766638145034,129,22,10
73b6ae22-ad69-46b6-ba77-f0c618d78139,5435550387,9003181337745906239,43,3,10
79b5da8c-a70d-415b-8ed6-92b6f26a0375,5435550388,-5771822641321217931,71,75,10
09c845ca-8931-4d12-8075-7b14c2a86234,5435550389,-2599642270199718147,489,75,10
7bfd852d-99df-4a36-9458-16c6586f5001,5435550390,-8850663858785925017,355,75,10
39a1205a-8644-49f2-8739-27a0dbe92b84,5435550391,2961312344490647411,304,58,10
7e4a57fa-7a5b-4063-8388-8fd6c103532a,5435550392,3913247936885748858,74,27,10
bb6ccd1b-78dd-466f-a6e5-bd4cc732ad35,5435550393,5946869629453061016,189,32,10
115057b8-647c-4acd-9c27-e60a81bc3b7e,5435550394,2533514412224236252,206,57,10
be3b61fe-5873-4967-87bb-39dd5af0ba56,5435550395,-8255742628972861559,7,5,10
602f5c6c-a9ae-4aad-8ced-d8bf105984a3,5435550396,1398990078217272057,248,2,10
291f7c6d-9ee3-4b8c-a4a1-abb560af8988,5435550397,-4089811793001324012,24,6,10
768da71c-660f-46a4-9ebe-a84ebd4608fc,5435550398,-3285498873919872739,458,8,10
9c740c2d-2216-4c9b-8756-f0c97a3d935f,5435550399,-4742164929999727587,77,14,10
28ce8501-8df8-4175-a0ca-201c70cbe1eb,5435550400,6645921433986485330,140,84,10
7147da94-7d69-45bb-b14f-81c56d4fbf90,5435550401,-6773510013017244606,421,33,10
536ab10c-0c22-4ad0-9b7f-80fd153a8aa5,5435550402,-3230865718336610005,409,49,10
ccaafedf-32ca-4f82-a581-cccadd78e049,5435550403,4477891391527294603,97,4,10
f4df87b4-f680-4aac-bd45-2c723960b144,5435550404,-8657252226637962521,180,98,10
3f8b25a5-4360-4a52-b1d4-b66a015af992,5435550405,8321798417787615051,464,67,10
93c3f8a4-0c8b-4359-9e1d-4899c8d89ef7,5435550406,3384807785979731080,79,51,10
d82f1dbe-569b-4a7b-9965-5838f77446d5,5435550407,-4550018554246302122,423,57,10
af47f01e-b0ef-4198-a24b-9ed622da14a7,5435550408,1828843946565488586,383,77,10
e01bb158-3d15-4a60-a1ea-f900430642c2,5435550409,8658165126561415606,397,71,10
53425838-3943-4ffc-a8f8-d53fd77b0229,5435550410,2419179575000286361,14,55,10
ad49c430-913d-426e-ba70-2f129d556913,5435550411,3791386776568297570,91,83,10
31f69f61-6573-425e-85dd-8edb70c71c62,5435550412,5487269210573075448,87,38,10
246dfeb3-7770-4cab-bfa0-29c2ecb37400,5435550413,-7329237767251046936,134,84,10
3f6f05e0-b449-425a-9727-e016b416c090,5435550414,-2228580586687821485,478,80,10
fdcdec17-c97b-4da5-9c2c-8a7e73e00f7b,5435550415,3572711343376927996,161,74,10
333db983-a03c-4697-a7e5-119881a11796,5435550416,-4846161959378024373,469,75,10
45917ab9-8a17-456f-9faf-6abd77081da0,5435550417,4931487683942667792,150,71,10
4e2c6d9d-c7ea-4ea8-a46a-8292bdc206d6,5435550418,-2788320781103666135,488,37,10
a47a2f29-a0b5-44ea-9a6c-ec5bc98019ed,5435550419,8374563728210655447,119,86,10
aa17f695-26d9-4f0c-9d74-447c52687143,5435550420,8749015750494066221,309,98,10
5779e15e-3947-491b-981c-0adae5beeef9,5435550421,4303934925629122369,209,91,10
86116fd5-c4be-49f3-acd9-5c9fd02087c2,5435550422,1243720519344439708,351,91,10
49117c3b-dba4-4905-9899-54247b04ccd1,5435550423,6069593416012786308,65,61,10
c93dfc9c-fcb9-499a-b227-81e40959f6a1,5435550424,-3375593240081606308,343,93,10
652aee22-e95b-4aef-aadf-8b37a7680540,5435550425,-4034614302611051137,266,84,10
70fc035d-1750-4ac7-ab8d-9d47526d7fb5,5435550426,-3090596022781229370,185,90,10
16d4524e-e399-4d4b-8915-9d459ae87713,5435550427,241669949736104216,271,87,10
3a73f799-1698-46fb-a8fb-34041a872bc1,5435550428,6260853031212433259,241,34,10
a7b6e58c-de69-418f-94f1-2d987a162172,5435550429,8478723628354247001,441,48,10
226f11ce-f7e6-4630-8321-d372364553ff,5435550430,4216767213339844761,125,25,10
57b01aed-44b9-4c01-a521-543c3121b4eb,5435550431,-3113075379455305937,94,12,10
175fbc61-23d6-4762-a7b8-21a3de39cd7e,5435550432,4467775408184959722,211,15,10
764f5124-b0b8-4d18-99e2-feddaca73ac5,5435550433,5285992808912584169,283,84,10
1e89ece6-c894-46c2-a1f1-0836e5dbf811,5435550434,2745469228797184945,333,49,10
14c01c3f-49bc-4b5d-8ca6-e746a774d456,5435550435,-3882552698861472303,106,51,10
cd4ef1b7-e4ae-44fd-900a-f74dc5744760,5435550436,-2746273783973984116,210,37,10
b105cc60-acf9-4fb9-ab0f-0e94b56671ca,5435550437,-8472339464848504899,385,2,10
28a11488-7851-4293-9e99-13a2ce5119cf,5435550438,-7578817166090203303,167,53,10
9f2c9c81-ab8c-4f7d-9090-e82ae085a011,5435550439,-5504844493449211655,172,83,10
90741449-70eb-4e48-b430-db3822b4fe73,5435550440,6259643895019848734,137,36,10
261b677b-6e77-41fd-926a-f9c56352e394,5435550441,-5147421464191159834,5,14,10
76be837b-7ff4-4355-b887-0c8323edec2a,5435550442,-1517430955625727636,216,6,10
d7e0607a-4ceb-4749-83ec-0efb57978a61,5435550443,8634273267397892206,216,22,10
c2dd6a95-1d5a-454a-b884-478be0985f2f,5435550444,6236556821437631812,107,78,10
294accdb-8cfd-4c6f-94f5-7064a65ddd2f,5435550445,2120315328042893362,173,58,10
4909daec-9e90-4de2-b3fe-25999abb5133,5435550446,8108873792064193992,403,34,10
6343bb73-d737-4e32-8361-0de717e7cc2a,5435550447,6914005500722729655,11,9,10
41adc6bf-cde1-4c54-92cd-0cf8c17ef3cd,5435550448,-1597236876025696082,406,74,10
9bf4b25d-00d9-4d1b-a477-1a0c01a07b62,5435550449,2947680375144043404,69,63,10
174f2f0f-e303-4a84-85f4-48316eef351f,5435550450,-103509278787547666,113,50,10
4ab34afa-fa35-461c-9cd3-65efc7400d1d,5435550451,4948319577719214666,69,49,10
8a36e169-7245-4344-a4bc-c98d2ff6a469,5435550452,788473338535453486,25,27,10
a7f0861f-1185-44cc-947d-25b5a6c9d67d,5435550453,1881895615567830001,141,71,10
81b93c57-454c-445d-914a-84a6511437f1,5435550454,3020064773887093712,63,49,10
992baebc-9287-4f94-9c74-27af4045cd6a,5435550455,8671807461957061915,488,17,10
60f3d92f-6ffe-4e9f-aa23-746bd3d9369f,5435550456,-3047505129815732539,143,36,10
0d1f3b4b-dc9f-4848-97b5-7b99dae01042,5435550457,8427697640105899239,165,49,10
bf51b7c8-2ab4-412a-bb8f-33cc42709144,5435550458,-7375491514362910668,15,99,10
87a478d6-a70a-4b35-9066-8d46a596af10,5435550459,7255085408816989574,107,45,10
b7807e0f-9dd5-44a0-9e69-8ea1865a63fb,5435550460,-3924343246559839254,254,35,10
2267bb9b-0b8d-4da1-bfd2-097a10fe0722,5435550461,1752333849948388693,134,23,10
2e001775-bc92-424a-9723-7289d1510c2b,5435550462,-1863249962241539976,240,8,10
eb4e616d-ad0c-4548-963a-c08798b7b882,5435550463,3120115188598816890,36,42,10
51c19e18-1328-4806-85e7-bc87fded0fe2,5435550464,-4468282459490760941,497,77,10
2b324d9e-f7b8-4bef-b4f7-075ceaebd0ba,5435550465,7919158050389455686,266,57,10
e23c4fb6-da80-4be3-be5a-fe4f8f948de4,5435550466,-5143631219872074937,490,52,10
6dfd9df3-e3ae-481a-90d0-b32bb99bcbdf,5435550467,-2656485944594355358,124,23,10
9352002c-14c5-4661-9e41-ca95feae7eff,5435550468,-2004327376278848631,487,68,10
94c8cfa9-3384-403f-9858-8b27a950bea6,5435550469,-8005922889217587263,486,83,10
f2beee3d-883f-4d98-ab37-f25747344bd0,5435550470,5918825750078423790,313,87,10
9e211a0e-e4fa-45de-bc53-7e8f2e398f92,5435550471,-5937406265090828153,403,52,10
75674e26-a5b0-434a-b7a6-845bf1916eb0,5435550472,8383203698961980965,341,14,10
840607e4-af8a-4cbe-8996-9ab29a29010b,5435550473,-6011861121799712532,431,19,10
394e116b-d6b7-4f32-8f9f-27289cf35747,5435550474,4141713730110892391,100,65,10
d8570dc4-df1f-4b50-99ca-d752736e062a,5435550475,575610265343932969,472,37,10
f7ade752-f667-429b-b329-4cc31bf153e9,5435550476,-117136598937106572,260,92,10
48e886cc-4cfc-4876-b4a9-874e3e21cf63,5435550477,-2363761388527108913,291,58,10
0336d4a3-0f42-42a3-9c14-7277d947af00,5435550478,-7768637716617615412,338,79,10
4645478c-5ae0-4ebd-95f7-bb7eafd9ec5e,5435550479,7691889148100911508,390,26,10
cd6068de-a3d2-4980-aa4f-8c7b913985a6,5435550480,1164608051027901179,136,47,10
d8683a65-7db4-47dc-9952-d9ab66bcb3aa,5435550481,4866893102131318217,318,31,10
f4296669-e2c9-4b2f-adde-98847fa09e6a,5435550482,-2205825599227363757,85,61,10
5e6ad934-874d-42dd-83dd-579f6c76aa0c,5435550483,-5380897337234784360,427,37,10
67204b8c-0590-49da-9a45-ad4ea1507371,5435550484,2185089639790995323,160,64,10
662bab08-ebf9-4d51-92cb-f0e0557433be,5435550485,241271747952607819,48,53,10
2c7c57b4-290b-401c-9eb8-a9fd5724bf6f,5435550486,-1795300162027839201,427,17,10
05d0e979-6151-4a55-bcba-7c739c501383,5435550487,6984114828783472560,425,57,10
67218140-5b5f-44fb-86c5-d25621360642,5435550488,3169799556728387940,61,82,10
ba128122-d722-4867-8c8f-87e1fab93795,5435550489,-3713799985078002057,120,11,10
9786d6df-efc9-47fa-a79c-f56dbdfda8a5,5435550490,791139879203000453,26,25,10
6b3a2038-5f25-42f9-8e2f-380eefd65015,5435550491,-6486775824452243717,117,74,10
1c3c68fb-220d-41d5-8396-82ee914fa630,5435550492,-2358403105584993931,255,85,10
74f3003f-53b4-4e26-a86f-9a8f301bb579,5435550493,-6276365129798981172,29,14,10
702f7048-9d11-4e55-bf12-3ce041d660d2,5435550494,1251830816575696500,287,92,10
ab8ee01c-237a-416a-bca8-3856a44376c7,5435550495,-3320207579212374766,191,16,10
06f5448d-16c0-4ace-b65f-9eb1477bf773,5435550496,-6973647399651495212,114,55,10
d57e084f-a4c6-4249-8025-36b926754ac2,5435550497,5312056049215542403,286,15,10
5aa0d5b2-66c3-4d5b-ab51-2203969239ea,5435550498,3935606254141911191,205,78,10
90978931-226c-4926-8e11-8faba02467cf,5435550499,6167226145830365081,438,22,10
d54376f7-482f-4121-8823-c3daeb8f297c,5435550500,8403135462453777108,38,12,10
cbb9aa48-327f-4d5f-b4d5-56808115ebe8,5435550501,-7758470174737567766,115,80,10
89973d46-c015-407a-869a-439c46157387,5435550502,5951055325595110430,448,72,10
1b19a6dd-363a-43c4-9b56-08577b7ac871,5435550503,-669702072866231828,24,72,10
029c4486-6ccf-4edd-8f74-4afaf8727c63,5435550504,-4862749424474737705,293,83,10
dc228a1e-a2f3-4927-8854-43bcc0e2f3bf,5435550505,6439373071743476152,168,73,10
35f3f3dc-2ba8-478c-88b5-6229b01d429c,5435550506,-7273674599049961557,215,78,10
776b0d3c-9eb5-4302-880b-8f423a20f831,5435550507,-5613380111019310330,172,19,10
50ea2e0a-2a0b-4f01-af37-45123cd90d62,5435550508,8586257095344712711,83,36,10
3d11b4b5-5da2-420f-9aee-c2366c08bac4,5435550509,-1836645943487709742,145,22,10
2cc1f2d9-1cfd-409d-a956-47fa4d6dcf2f,5435550510,-2974682885100203609,224,68,10
04c4501b-5207-4b91-8f83-1c93dd70c7ea,5435550511,-8491975106088201967,183,84,10
a655561b-a28e-40b9-9ea4-ae56d13ea5fd,5435550512,7692995001912977720,299,73,10
5f612566-f3ce-4e52-80a6-728a5f2adab6,5435550513,397679865998477221,317,68,10
47e8ee1d-bffa-4a0e-8a53-f9693570fd4b,5435550514,-8941176466313696747,363,48,10
49377598-f07e-4145-a21a-b89f28f343af,5435550515,4075523186351793584,42,98,10
6fc58b9e-763d-4fa0-a94b-569ee18a970f,5435550516,-4006920282034451174,124,4,10
e5959104-7f27-4ee6-b2ce-1805a384040d,5435550517,6878154547875231489,404,30,10
2a3226ae-4dd0-4cff-a8c8-901a53bffecd,5435550518,6124418489896942461,71,78,10
51d2553b-cc5f-4902-98a5-ae17c91a3858,5435550519,-5948793659042415387,171,30,10
85d27ed4-04ca-4d28-b1cb-9bf1d687fde5,5435550520,-8929756326418923357,215,59,10
f289b121-dd45-4235-a401-ca715461fbd7,5435550521,6547597655263295880,26,98,10
0a40eac6-e464-4461-93d9-7496b3cba74f,5435550522,6843229666730618367,412,84,10
15eba4bc-eada-4673-b706-ca68f6dcb077,5435550523,-1990860651083774383,485,80,10
05df9ee8-3039-4248-a2e3-c018508ab1d4,5435550524,1743656480585414874,376,45,10
29ad36b6-b0bd-4888-bfa5-26c1271fe620,5435550525,7090556969542583546,80,66,10
fea99878-94fd-47bf-912d-7f65204ff157,5435550526,653222960652252300,132,16,10
d025b564-0f74-4c25-8fcf-77f636acc0e2,5435550527,456688278879163908,90,91,10
6031cc6c-60b5-473c-b70f-8f123a4e13d8,5435550528,7497217244517689885,359,91,10
232eb344-fc64-4ce7-b34f-8e83d5468703,5435550529,-4944199284636198868,260,45,10
78b991c1-7b0e-461c-825b-8fc1b2f8b5fb,5435550530,-8976737410354485623,40,77,10
28124bb7-4d83-4dc7-9689-702f0e165679,5435550531,-2737432018250604472,168,92,10
8b815dd3-f745-4d23-9c47-9701212b0b52,5435550532,-6516446065750466554,49,93,10
cf9b8ab2-707a-4f8a-bd30-4e090fe60e71,5435550533,-6472551038301822561,322,90,10
7fa1f7dd-d308-4410-a9a8-61e154e6e141,5435550534,8597377455380535518,488,2,10
bed3231d-ad1a-4c03-ae3d-f53f15741292,5435550535,-7176615439362036516,155,96,10
493f2d5e-cf99-40b1-9b9f-063793fbcab9,5435550536,172083242333502431,249,0,10
484cbc9a-f077-4c96-80ec-ec980c0b58e4,5435550537,6457965027266233616,48,36,10
9f1cd0b3-9eb1-43f2-84b5-a5178b0d57df,5435550538,-4047181342798301790,309,12,10
6fec89fd-a11f-4c8a-bb28-a6b7e11d9424,5435550539,-3221610243934080162,43,4,10
c3274b9f-d74b-4918-bd58-76d12168700c,5435550540,-7618470779822495593,483,20,10
1fc7bdba-a674-469c-b70d-ac3d5360618f,5435550541,7114339014520643914,276,95,10
2ef6f7f5-c680-4653-9e66-0a04d907ad14,5435550542,-6398720670806357891,132,59,10
24f67675-cad6-41ae-9832-96b63924b1ee,5435550543,-276986964993814950,293,58,10
d12f9917-27e4-4d11-b305-5e47d4dfb8ef,5435550544,-7271569577125417861,332,76,10
440895a6-8b5c-483e-ab2a-277f95e709ac,5435550545,5961970869372507631,219,8,10
122276e7-c0f7-4cc5-a599-5db31aec13cd,5435550546,-4670272760851086350,285,70,10
58b1403f-5e15-48d6-bd77-78d723b9777c,5435550547,-1481766327190620770,49,18,10
168971b8-8637-463c-8780-9a6cd8f7bf0d,5435550548,8787557007314693435,372,26,10
10921103-5ed1-4861-9454-a627df3c049b,5435550549,-6032905875758660339,325,19,10
7d36925f-646a-44aa-8088-c892763e902b,5435550550,-6265399890571836815,473,78,10
4febd4f6-9bca-4a39-9215-e7ea6a80f2ee,5435550551,4341077399187160146,12,85,10
6ad24a91-8b2b-4ee5-b61b-d6aeb6aac5a2,5435550552,5644985398577023934,469,66,10
e0343993-ca4f-43b6-9a90-443815ac20e3,5435550553,-8558657609707934904,387,41,10
27f2a796-278a-49e4-86fe-e5330cf6f1c6,5435550554,3164514338543995764,182,89,10
4ccebb3c-163a-4c70-b329-29f1ae8ccaa0,5435550555,7607307158682008065,107,19,10
9cffa8fb-5335-4940-b363-057d83f9d078,5435550556,-7134769249262030690,130,78,10
4d8c1f65-d452-4657-a3d6-78e1b43f42c6,5435550557,-5384746273647874121,399,18,10
b611a950-21ae-4f71-8b79-649ffb162df3,5435550558,-6290857054785689514,292,27,10
ce5b0289-8081-4934-a8f0-15f06e035197,5435550559,-59928822079606968,451,67,10
ad7de043-8ea3-459f-acd6-93d6c084892c,5435550560,6424619702301266592,411,67,10
06a5b07d-39da-41f6-8a7a-57324f424d8d,5435550561,8274032503931225309,211,9,10
86ad107c-63b4-4a73-a1dd-1df8e25a0890,5435550562,-3665621747019339419,122,76,10
b61f8a0f-58ba-4898-91e6-2e9c6eaf08de,5435550563,5559369427435980908,496,31,10
391363eb-7f63-49c6-8354-d7f8d3e099a4,5435550564,-4282322425244840906,339,35,10
0aa8b67e-5a99-477a-95ab-844683e0d8f2,5435550565,4491886917013404955,218,85,10
a36cddcb-9f5b-4f35-bc29-831ca05854e8,5435550566,1974553528281624625,57,95,10
6d8e3158-70ce-4e39-a009-dd6f54c6fa6a,5435550567,3840344257878169247,56,5,10
620111cd-0cc9-45aa-85c4-852f3f219706,5435550568,-4121301373004722681,187,59,10
a54962a2-b7a4-4021-85e0-b8ac993ad0b5,5435550569,-7819887328971631563,227,83,10
0a9eb023-c5a1-48ee-a307-6a16bf432ffe,5435550570,-8641792879510314265,88,51,10
0f72d425-f286-4722-8e19-6bc8ae7026f7,5435550571,-5491333335114292823,5,89,10
1ec6992a-c5b4-4d69-8252-3dd4abd2e03c,5435550572,-4965831951466639704,178,32,10
d4ac156f-4d11-4178-8e69-21d2d766dbff,5435550573,-992745315331097003,50,23,10
4c4f472d-04af-4f09-b2c7-9e80cc722b7b,5435550574,-1554990288428713766,241,73,10
68a7c386-90a3-4455-bd01-54f0ba9bf096,5435550575,3297946366745378695,129,69,10
dd45f955-6fbd-4eed-bd51-b31bcbfe21d3,5435550576,151978089586170900,340,52,10
655976af-4684-41f1-87ee-221b070a06a4,5435550577,-2776982387004345376,5,14,10
70e53cd8-ed7b-47e9-a9bb-4bb1594e3389,5435550578,431905964804067150,395,12,10
a2c32480-ec8f-4885-81a3-938ab52c7c51,5435550579,-2512014449157899671,232,86,10
ccd29089-7ab5-421c-b9fd-ab3f5950cdf8,5435550580,-4724712698771719259,263,88,10
5c2c5788-b938-4c58-8548-6d29962255b6,5435550581,4479577786930567211,139,97,10
82feeacc-af48-4def-91e2-80cacc924dd8,5435550582,598744570664008137,222,18,10
4bc913dd-2694-4cb3-82ad-f0b4b02bc75d,5435550583,-5025050650465499011,313,56,10
4e892ae9-8412-46bb-8b49-d2403286f504,5435550584,-3197700175217949230,304,11,10
8f99b718-22fc-4636-832c-46804aa71e89,5435550585,7422159119954380145,364,18,10
a2682bbf-0083-491d-9384-3b70e9310c69,5435550586,-5260502054781514531,383,70,10
3cedc9f0-4967-4818-aa84-541e44108e69,5435550587,-5552263041994596358,482,3,10
9dbb5e43-f92f-4b5c-a2d7-8419cbbae01d,5435550588,4133794644380425219,44,94,10
bfd6dfc3-89cc-4736-a36a-97e3cf9c5ffa,5435550589,698963948485646921,332,47,10
04056df2-b166-4cc3-9f8a-14632c289302,5435550590,4492391517870966392,230,87,10
53459b04-0b69-4653-af27-18a94e4be5e3,5435550591,902240554624709639,388,90,10
aeb3c0b0-a682-495c-ac7e-f81cd8992e4a,5435550592,5481764505804676087,38,80,10
1602b22a-89a6-40c8-96bb-d51581b74ba9,5435550593,-8141668661037265346,399,63,10
bfbb71f5-f591-4920-98b5-f70ab519768a,5435550594,7000119648705695874,108,26,10
dd5ec4c8-9300-4bf6-b54d-7e5c0634208a,5435550595,3570708575826459999,245,5,10
ed18bf2e-6bbd-45b3-87c3-2c682be2178b,5435550596,241955051783176482,293,8,10
90664e86-39a9-4281-aae6-d1d1b0bd51e4,5435550597,-3770055791499309705,238,16,10
1e51c4b1-096a-4ab2-9c04-43f758582da4,5435550598,-3246552918711670072,410,98,10
2a25a580-1171-4aa0-8a1c-3c4364fbc1e3,5435550599,2953915201632207694,181,55,10
47bf41e0-8c9e-4b14-97aa-7d49faa6f203,5435550600,-6792417064145057644,403,18,10
100fdf6f-36f4-41aa-a50d-7c7e6fba7ee8,5435550601,4421529054325543431,254,54,10
5f743008-e9b0-4fc0-93ca-ff2e2403826d,5435550602,3018339862337262790,145,35,10
7713ef69-9508-447d-87f8-06f3178993b1,5435550603,6460035754558688889,133,35,10
7abefd2d-b742-4954-9736-ea86e5872316,5435550604,5496090656219192925,215,55,10
a9850a01-6f29-4389-a8ce-3528c724590f,5435550605,-8760596014146484221,196,57,10
3f713380-5004-43e2-9752-0bdc9954e6e5,5435550606,1612699804939930811,156,80,10
fe044654-c82f-43d0-85da-298f09bc8465,5435550607,3246618512949501461,484,5,10
91210298-3842-4ad1-9c78-e147f0ce0d89,5435550608,-3080916600068230433,141,36,10
f3bce025-791f-46b3-89eb-688ed1950eae,5435550609,8930943041623014867,203,52,10
a4c1ef5b-b7cf-433b-b738-20143c5abb9e,5435550610,2365670757182601273,177,54,10
ddd9de63-9c11-4862-bdad-43cb2f3457ee,5435550611,-1010961065688790790,26,36,10
7a29c4fd-0db8-4bf5-86c8-65c0652d4274,5435550612,8443881887049296438,173,93,10
36b0e077-8538-4c7c-8322-c717ec067ac2,5435550613,-3892581807001736480,323,11,10
73a2ca98-a870-4823-a360-cca1bf2f3b9a,5435550614,216639438049046060,170,10,10
e20c3a74-d96f-44fd-8cd4-df39daea1691,5435550615,-7902822234331210889,14,81,10
9d8fa677-4ff8-4be0-a4f8-ead0992e9c73,5435550616,-4041590268990439585,419,67,10
6f99d9a1-c4ca-4e52-b0a9-c0e06d2a6389,5435550617,-2742318285367130642,353,26,10
624571d7-54a1-4dc7-a89f-0f57a6ffa294,5435550618,1168099203175854970,236,37,10
59191b12-cc27-495e-85ed-ecbcafda2bf3,5435550619,-4016936521231520757,206,72,10
9ad04ece-d6c8-4897-9d0e-f0aea478e70a,5435550620,-7307284684583519205,372,93,10
929049a4-33dd-4710-811a-0dccbd32b3a9,5435550621,-4010276411697865694,333,67,10
aeb1beb3-e4b3-4db5-8da1-4d636a658049,5435550622,-1846144193632146517,380,55,10
02c3bafb-7783-43f5-8d18-5b51b7e2f200,5435550623,3291582883467589186,422,45,10
9687ffed-6b30-45ea-8a33-fa4e9fef92cc,5435550624,5630103804691366455,265,17,10
277b213a-4e1b-4d29-b7a2-406282e24208,5435550625,-8967868563013928250,464,74,10
2b454fa6-09e1-4049-b296-0ad411267282,5435550626,8472316786456681997,407,7,10
fbe6e99c-3b85-4413-97fc-631ca430d1b1,5435550627,3075129530821636357,135,44,10
bf103b05-8100-44b2-99f6-42a4737bde0f,5435550628,4626402332013975510,40,25,10
073e78fe-d78c-4f20-be97-41e0d17dd533,5435550629,-4209236304592779429,300,32,10
dd9c99c4-3a83-49cf-bf79-020960bb716c,5435550630,-6058825991661604797,495,48,10
284727bb-104e-4591-9895-0eba6f888937,5435550631,5834367500220663684,34,93,10
9225de92-858a-421e-975b-ac9450611cd7,5435550632,-8287902701064144551,215,30,10
4f8ff296-9f9d-4ff6-9dd2-04e6a6aa192e,5435550633,2855262955371680228,293,16,10
dbc309f0-6133-4832-a1ec-3d3f292f59ff,5435550634,-7611956033493125277,401,4,10
fa91f09b-955c-4831-b3ec-a4cdb1828a4e,5435550635,-2726018258239295632,196,63,10
b803ec41-4659-4970-b31d-5eb6c86466a5,5435550636,3146167750007970397,107,19,10
20caecc8-1a77-42b8-b9a5-a75006569b2a,5435550637,-3236236962732228923,55,17,10
7935df25-7600-4ddd-9a2e-32e566def495,5435550638,-5032217337050340862,410,2,10
9cac84ca-0262-4354-92be-0005b3259e7f,5435550639,-1538326213559776102,356,86,10
49db1086-81e3-41bf-bcae-16e68e5cf8ed,5435550640,-5999346320591074438,50,91,10
5f259281-a6de-497e-bc35-13a74298a15f,5435550641,-7654294375949591847,274,90,10
b4e2ff08-4900-46d5-973d-5a8de77004b3,5435550642,-1083581946260321478,91,2,10
69085cf1-93a6-4ded-95cc-edafcd59fc42,5435550643,-1756838066207874999,409,19,10
ac355bf2-3d01-4b72-b6ce-f6619cff31fc,5435550644,6072428191964292781,171,99,10
2f767c48-7285-462a-9d9d-27c13411bea9,5435550645,5028148376072499841,178,76,10
6515c1f0-0a52-4a02-86fb-910841d22e67,5435550646,-7089434655384986515,443,20,10
1cdb9ebe-babc-4751-8a35-5777439a8aeb,5435550647,6614202257179114010,466,16,10
67051340-0fc3-41d6-9e04-78559c61211d,5435550648,1020640212997303785,148,61,10
02c289fd-f3e3-4a3b-bf04-9fd5ab218aa3,5435550649,-8707870099412667980,482,60,10
2e13cd9a-7b83-4294-a0b9-89301fd2f806,5435550650,8086646778387534544,317,14,10
3ce45a64-f32e-47f0-8b8e-ba3940f1f377,5435550651,-4787341976317659034,149,40,10
53c08f06-cad8-48cb-994b-40428c2bcf0f,5435550652,2132765489667731649,396,69,10
f541d9cd-d7aa-4f7b-8475-a58479763f45,5435550653,8967759497918225831,164,87,10
9155fe44-7c66-4bf6-85ba-823d2d8802b7,5435550654,9029035229606109530,281,93,10
f4a69cf3-1df3-461b-b763-bbd12807e3c0,5435550655,2682446849049535656,179,66,10
954b74ae-d4b0-498d-84af-898811204536,5435550656,9218924094177643513,457,53,10
12793da5-349d-4da9-9fcf-d58dc4b66749,5435550657,3870085955405877660,343,64,10
66cba747-4c6b-43dd-9184-a665379d4509,5435550658,8648914420745064901,76,5,10
e60b79cd-6633-4ad0-a84f-c0141f7f9dd5,5435550659,-3130018250117825782,48,6,10
bc15f59d-cf05-458e-86c9-e56744a21599,5435550660,-8021019756027666267,30,19,10
2e32fd93-f8e7-4888-bc1a-5b09519a818b,5435550661,-7799332165394968244,212,12,10
755ce04e-c599-4e54-9d95-eaac4f76f811,5435550662,-4355435394836993269,376,45,10
e2260c53-ae50-4d6b-b868-a944d44bbaa2,5435550663,3775271732986002649,37,98,10
d2c77e98-fbaf-41f8-b6b2-01d4f3bf0fd5,5435550664,-8148945974971421009,24,80,10
56e61f23-4ddd-4ce6-85ec-46d833b8cb63,5435550665,5220783385255725176,437,55,10
46b0971f-2347-48e8-96a3-ee96cf8d48ba,5435550666,-5474143249482588186,283,31,10
04824b4f-bd3e-4e2f-8b76-c489eadc2ce8,5435550667,3665607630101490344,425,2,10
678baf7c-8d57-45ad-b04f-c3058edd25ad,5435550668,-8069458598456951765,285,59,10
f039ce5a-4913-4ddb-beaf-a70c0a79a2e1,5435550669,-7005151480129731869,6,85,10
fd8d3de3-3e88-40bc-9db7-d711caa221a7,5435550670,6420400610416188417,411,74,10
cebecc5c-235c-4a30-b2b8-334485668062,5435550671,-8869875712601382766,45,29,10
145effd6-646c-4679-8141-54aa83bb03cf,5435550672,-9025877146714852226,132,23,10
c8aa572b-a7a4-4b14-b56e-b02e73a408b7,5435550673,-6332775785719186057,263,86,10
8502662b-e47c-4c4d-a50c-c6e1a5a26fd0,5435550674,-2068274304357036784,39,3,10
0c1a2b41-1cf3-49d4-b487-66c98f317720,5435550675,-386591884839116341,410,76,10
b4fd4ce3-1616-46b1-83c1-e9c52b5d9e33,5435550676,-6863271307116201430,328,51,10
52a391b2-e743-4975-a7f9-450bdbec72e8,5435550677,3838872382723655111,93,56,10
d0c18073-413b-427c-a1c4-7f39b4b66afa,5435550678,9171400531714047402,485,54,10
7b7d7907-6b90-44bc-b016-09607fdb830b,5435550679,-1637011715845008318,297,12,10
9285ba8d-972e-4b59-bea9-2df9c09c9847,5435550680,-1872608401362352677,75,35,10
4252067a-d990-4164-ab03-04f8e145571e,5435550681,-5710942190112375300,16,39,10
21678a28-6506-4bbe-8c48-10f681ab62e8,5435550682,-2762489831711111154,19,81,10
e8983c04-c11e-428c-a614-3b085af24e54,5435550683,-8781883348909801098,420,50,10
efdaaff4-3eb7-4457-8c79-95b62453b7be,5435550684,-610193927377115569,364,16,10
e3ecf402-cfe0-4a12-8545-16bbc9ab09a1,5435550685,1112130428567012752,470,43,10
4e0b672f-86c9-4730-a9ad-eb994443dc56,5435550686,8012621325310631077,170,66,10
5d16e3fa-0eea-471a-ac9e-b7a1685df37f,5435550687,8548673161612129228,283,76,10
26c8d202-4cfb-4b56-bc24-edbae3c33bd9,5435550688,-2684144322316462200,29,56,10
b5270fb9-8c02-4282-99a9-5a514024e178,5435550689,1089911595373686947,194,76,10
92f9313e-ff36-45d7-b15b-000c8b182540,5435550690,-1233589428587098510,481,74,10
b56790b4-9568-4248-8a0d-e1666f83f02d,5435550691,-4029742790775686124,247,60,10
6772cabd-cf0c-426e-bdbe-c9d16c3d41c0,5435550692,1742652239332153156,129,3,10
cd226f09-11cd-4f10-a48a-579432aa5500,5435550693,4047377743512983463,70,39,10
5425a802-2f28-4a8b-8037-a47ac0d7dc93,5435550694,-5325746638510634359,142,22,10
2bf7be3a-35fa-425f-8f14-677b4bf8354e,5435550695,2510330897015809079,183,87,10
1498be02-8cc5-4247-b8a1-cc1d705c3607,5435550696,-6784417080872685565,243,22,10
3eb8fd79-716e-4ecb-bd11-3a1e8ceef3f5,5435550697,2421553746540086613,424,11,10
c60809be-ddf9-4527-867f-9818f0a2a210,5435550698,-697754701325605752,59,82,10
0da666e8-f59d-4010-bd42-e7e5e83b0855,5435550699,8957381726843764524,380,27,10
c2b13fb2-8495-4681-8b02-1ed2b2d09b6b,5435550700,8389064676488435894,271,98,10
423aa1c5-13cc-4b93-b690-49476ef02b56,5435550701,4521161340199400880,301,32,10
9c16a48f-fae9-4aef-afc9-f36c2a1be065,5435550702,-6796088759545240627,256,5,10
2aa98376-be62-43e4-9787-810eefe2a79e,5435550703,1803070890613583560,353,8,10
382eaed9-f17a-46c5-b5d2-3abd5baafae6,5435550704,-1492416648027871787,286,85,10
67a0f43c-6438-4357-bcb3-5a343c0fbb3d,5435550705,-559144539529617715,238,87,10
8c1e059b-2a2c-424b-9b9b-108fd78951f1,5435550706,-2960669112654129308,324,95,10
e2809f7c-61a5-4508-b5f9-150696820ae7,5435550707,-7288122153053392957,496,7,10
b643184c-dadc-45b5-b5e9-c7b1a0f47c81,5435550708,-7444080784026869189,54,3,10
fc019c55-ca7c-4f44-b0fc-318798b31ada,5435550709,-2932213827113453233,165,75,10
9cccf09b-be84-4edd-9cff-c7feeec13598,5435550710,-6481393547310715478,27,11,10
6a5970db-ebd0-4981-9a70-69603823b7b4,5435550711,-865572079661674203,163,53,10
e6907932-a30c-4c05-a25a-d6b694078fc0,5435550712,65692355532329794,355,39,10
06000c23-1cc5-4a36-b15b-befdf081969b,5435550713,-8383603005310814180,364,45,10
e9898e63-dce6-4871-8f3a-3075f8d9dad9,5435550714,-2684656117324555514,498,21,10
4b2bbb30-9502-46bc-bdb3-62dd79f48c9d,5435550715,7383529759847153939,205,95,10
e3e503f0-f39d-48cb-bd70-915dd44df997,5435550716,-2496124640114920053,464,51,10
80b83e08-1743-4c30-83a2-c5181ec142fa,5435550717,4725033564502168960,214,17,10
7456fcff-3833-4af3-8009-b7394d59a1c4,5435550718,199917324857369605,32,22,10
f774ac23-0732-4367-9f36-40539239b66d,5435550719,-2352673130911827316,405,41,10
e4c0b670-a9fe-4199-a15a-5ca535094110,5435550720,-8742921742761474172,410,86,10
b0c6014a-06b0-4073-b335-2cd9b1b68601,5435550721,7358408030826901752,227,38,10
65603c76-c888-4b59-a59e-7f3ff3fdf084,5435550722,-5537534118172663727,77,70,10
30977c2d-ccfb-4d43-b4f9-a644927514d4,5435550723,1487480669639919048,99,54,10
dd4f7656-cc03-4951-8d45-33d36d5fa45b,5435550724,-13607859398572382,177,36,10
6109ac56-c722-4acf-92f4-b847d4b4d351,5435550725,5057456187510220726,353,82,10
b46292d1-2767-479b-9040-440895c8c470,5435550726,-8996227424761006393,61,71,10
fbea8b68-a6e0-410d-938b-b770aba4bb9f,5435550727,-4690279787241229601,332,85,10
f1d6cf72-458d-4858-a090-41046cf5632a,5435550728,-2600156532091184399,328,50,10
ab398516-22fe-4a9b-892a-a6bf3f9b68b6,5435550729,-1050613764964607020,337,7,10
20bd02a9-8de1-4b7a-a0f6-2d258bde45b9,5435550730,-8929439347901552113,189,42,10
120f5741-37f7-46c9-a486-49d169fe6543,5435550731,6455544892630384729,279,32,10
30201c78-4880-44f6-9331-f06fe7357ad9,5435550732,-9194500944216891964,236,91,10
a0a0053d-610e-49a6-82e6-9e9033b45efe,5435550733,1784523923278826590,466,97,10
ad1a05c9-7126-44f7-9dc3-aeda8f847750,5435550734,-5185470536262504798,368,68,10
342cedcc-dea2-4ffd-92c0-0703aa2f293f,5435550735,5535336722569945696,49,21,10
b1d47421-5388-47f2-bce6-c26179948071,5435550736,-4415902592258748960,488,35,10
106de1e3-1098-4dc2-b435-336a174450f3,5435550737,-4548725459341014717,211,72,10
ae494d32-9728-4e84-9917-c0fce8f4701d,5435550738,6817808396846777227,215,38,10
827e43b0-aebd-4b31-8f0a-426487dbede1,5435550739,-2262673907729264040,432,86,10
0c51da43-45eb-4dbd-9753-a35a46671fd9,5435550740,6488241612985614042,324,63,10
7beddfc5-9a1d-423f-bd11-43d142764700,5435550741,4790967825918076569,455,20,10
cd68d5e1-381d-4c3f-95a6-7f6c6b5b4091,5435550742,-655824482498494231,80,27,10
652da399-ba72-4b26-a944-d908c4e38afa,5435550743,4022667353162979799,306,75,10
9322f8ac-2c47-48a5-8f87-b72faf5f5fde,5435550744,9012672131637338824,320,46,10
5727c72a-ce24-4d10-9b54-e647a9f7786a,5435550745,-8932834118313145814,219,64,10
594c346b-7a54-42f4-a831-1a6a3c4b24a4,5435550746,6568168285399360333,484,47,10
3ab6fb27-f334-497b-8f5d-0bf0fbc2d290,5435550747,-7688116119549177606,123,31,10
c3b20cf2-aa23-4ad8-83a2-7d32bfd06f37,5435550748,-7448941397142575327,226,11,10
0c9897e1-cabd-46b8-8d02-eedf499fe79a,5435550749,-4281937193873947419,99,97,10
ca45c0e7-9637-478b-b5f5-8a679e1f6de4,5435550750,-7146105089774991478,409,28,10
a485650d-983e-4706-9082-113e838b5488,5435550751,8502959296002445203,152,91,10
b35fc5d2-75f3-4f15-9c12-7b2922f98ec8,5435550752,7993940815742537174,133,73,10
bbd1a74f-595e-4674-bb88-4517690e3567,5435550753,-316165151995868616,429,47,10
d22b6205-9eca-4dd4-9339-3e1a85079daa,5435550754,-6854235497862308911,94,57,10
ac5b3d7c-c127-414d-b09d-61b55996f5fc,5435550755,8472753279908146953,47,14,10
1fa6afbd-6009-461a-a549-5e7aeb883f77,5435550756,7580569116987959853,111,86,10
d0571028-3acb-45da-a136-700078d28925,5435550757,4070552665749216828,146,19,10
8a5c16f3-a976-4f7a-a36c-07811afc6ebf,5435550758,8795012251808033847,114,7,10
9aca99c3-a4e3-4b67-91aa-236c7a6aefee,5435550759,1626967838686469954,134,43,10
492cb5cd-0e30-4770-98b4-4337866923aa,5435550760,-5541108282101901449,458,70,10
98eade30-c1ba-46c4-9922-3614fde864c0,5435550761,2936952152892913891,220,94,10
8a6bf7d0-8e63-41a8-a88b-fe1cfdd0cae3,5435550762,6857921293009259434,183,44,10
d4bbf28e-bfef-406e-a297-5a7412d91b33,5435550763,2625579646857594056,18,45,10
135695f5-d809-4b06-9dbc-bd69425372e9,5435550764,-32844647790442390,152,6,10
b8f4ea00-4031-467b-995b-1f84b43f0a2e,5435550765,5223886501293470957,388,59,10
bc10b873-f552-4b63-a31f-c768c4e0b570,5435550766,-8767491215679261973,499,59,10
f2c6f5bf-a611-4e54-8546-6c86e828c9fa,5435550767,3047241893211964635,140,8,10
52ca7958-bebf-40d4-b551-e7b1749e9e42,5435550768,5969278039538116061,81,25,10
4d67e3ce-d678-41b4-8d3a-c89b5adf41e0,5435550769,5685579169900686923,325,24,10
d85d5ca0-33d6-4862-823e-2a789c35d88e,5435550770,-7708149852988503852,356,37,10
7e605758-47bc-46dd-900f-ca1709a39b00,5435550771,-1841102062138178968,378,38,10
d8c0d53c-532b-40c1-bc0e-c155179ac7ce,5435550772,7694984745740165329,272,35,10
3f0a9e45-26c7-4735-bc96-2aa5c3a44d33,5435550773,-5423845207467618409,71,22,10
9912e0f0-c567-456e-b126-b867fd07d921,5435550774,8283038518546905632,346,20,10
41bc1592-910e-459f-b886-4c67f38212e1,5435550775,-1532695679700524666,26,12,10
37cec520-9f63-413d-87f0-c1c8013fa6e6,5435550776,-4797006298634884024,496,21,10
9df04302-73bf-4656-b0ad-000e07ae18df,5435550777,2141124329605287279,327,84,10
95fae661-47ca-46dc-bdc5-2c746bea18b0,5435550778,-276902962222039037,246,69,10
a099db57-8f18-4c65-8425-74da7be22cf0,5435550779,-6422389089996250154,348,14,10
65641986-0e82-420a-a753-08e33707a92e,5435550780,6567826373266192184,90,26,10
0a541c12-38a8-42f9-93ef-12c57f7eef90,5435550781,4809427475528635243,281,59,10
7c26b93c-4e8a-4fd5-95dd-136b849551b6,5435550782,-1678106557828361604,150,36,10
d524ad38-8cfa-4bd7-b2a3-e261d5b40418,5435550783,-8695691354975692198,304,48,10
58427901-97dd-4c8b-b203-85b2dfd76b72,5435550784,-6802518367331928940,290,91,10
8a630435-f99f-4a83-894b-576ca8328ccc,5435550785,-9033891820711389055,478,81,10
0a0f4078-8094-440c-802c-07bab0283ae0,5435550786,-2017595545055907151,149,56,10
8aca360f-e9e1-4112-bce9-18a25f95d575,5435550787,7860398049914311603,133,69,10
5b199533-439c-48e7-aeba-896da5cb7b60,5435550788,-4552572842903268749,39,80,10
7eaa33c9-548b-4cba-a4db-a3f055b92dd4,5435550789,-7216087045282320932,94,13,10
e81fe7a7-18bd-42ad-b87e-4e33ed1ccb14,5435550790,-2720475522988574087,291,98,10
ec36d025-ab20-4c3d-a998-57877168a344,5435550791,-1019922064843835462,298,14,10
8184f7b6-7e7c-4184-8b93-6b3f8870f8e0,5435550792,-8563679677260428901,325,26,10
c8a43dff-184b-4074-bf18-ed7905f24a87,5435550793,-3110943016220780137,367,45,10
7d05e957-3bff-42f7-b1c6-c6b00b829006,5435550794,-1939150910045903594,293,45,10
09c5714d-a660-45af-b512-57e167694db5,5435550795,-7344190638005337860,271,74,10
11c3580f-bd42-4b0a-b647-458ce799f8f2,5435550796,8886099118270267489,45,18,10
f491a292-3698-4220-a5a8-2f7e4336d2a0,5435550797,7746742600070322323,187,47,10
3b194e30-0d20-406f-9660-b0b6ee9bfcda,5435550798,3741787326618513824,406,14,10
2b83e517-cb4b-463f-be84-4446bfd54472,5435550799,-132475506330790168,371,39,10
00a31e3a-5558-4840-acfe-079055c39ee0,5435550800,1424909690245171383,453,98,10
683c11b8-ae94-43a7-a8cd-97b6994e232b,5435550801,-1467861200100070215,418,8,10
f0e5a56d-6576-4884-b53a-ba6d5e28d02a,5435550802,-1153893093541199472,195,83,10
d003f424-61cb-4367-8cff-8fae652997fa,5435550803,-1373103325985153970,128,54,10
da513309-8dd4-419a-8c72-07d3f1489ef4,5435550804,-8641438490210629247,173,3,10
3808900f-6265-4719-a68a-f4cdfa42bb56,5435550805,-3610701571284284662,198,38,10
fb64c44b-6f42-4e6e-bb6e-10318df14aa8,5435550806,6102567864105693115,197,67,10
eb988e2e-78e3-43fe-8ccf-398f6307181d,5435550807,-4962928694220339310,9,72,10
2b0c4840-6afc-4985-b41e-07d8ad8feaf8,5435550808,-8953262349573631971,188,5,10
de6e318d-0dd0-4619-a9a3-1370d7ce5d2c,5435550809,3830997515599886978,73,42,10
16ced20e-a168-424d-805d-450f3d01a2c9,5435550810,-1051306849039806018,77,34,10
b3fe084a-bc04-44f7-a10b-bb5d0662c09d,5435550811,-7172428516534963638,99,19,10
cb721eab-c110-4a8e-9c16-c8aaa0747cf5,5435550812,-3443018108230409965,461,81,10
e27cacd2-ae88-4e32-b949-2bb73c244338,5435550813,7767869912845592693,400,39,10
940da990-412e-4b84-8b59-877c30705cae,5435550814,3942378807666327178,181,97,10
5cb3dc5a-dba1-4986-8f25-a69b70e40496,5435550815,-1997457335448710953,296,69,10
b2dfdd63-a347-4d9e-a6c2-fc35ca9a0d66,5435550816,7024448599132209393,93,25,10
5c6808b7-351f-4052-9ffb-6f94923dd756,5435550817,4738042453987880164,461,25,10
861fb0ee-44b5-4fa8-a1ed-71cb28c2cf6f,5435550818,4766580034840159469,168,65,10
2db57fb6-1315-4839-bf7f-c747be04bde1,5435550819,-3248170681056863437,392,20,10
613ef7a8-82bc-4b66-b8f4-5b4be5dd8b1e,5435550820,-4653898243724542931,496,96,10
0cc1de19-dd3b-41ff-8b11-d8610e1ce45b,5435550821,-4672997367452482905,363,80,10
c97b51c9-af5c-4b94-870e-9ed6ad070b09,5435550822,-5774943349579932804,179,17,10
f2e1a4ae-1038-4c95-9255-a9ebeb968f8e,5435550823,3480317160544594419,215,75,10
820c72ba-760f-49bf-a67e-562008f7779e,5435550824,-4908417744148748433,282,96,10
15eda4bf-6531-47a9-9fb8-b853c8bdafbf,5435550825,-2958349371383556876,170,76,10
8fde1d67-68d4-4ee6-b9ea-78ba1a3b9c54,5435550826,3890274388887847156,360,72,10
b8eb1450-016b-4a7f-a783-cccdda6715d1,5435550827,-8953952800581321303,228,66,10
3a9fd9d3-bdb2-4ab3-8245-f82bd1ab4ce8,5435550828,6779768663347838472,151,12,10
f1f4530d-f7cb-46de-af7f-219987ef1f3d,5435550829,-7082319576543881933,302,30,10
c5a5704a-0ef9-4604-b515-9ea573d2d5fd,5435550830,2863004019159422751,304,71,10
de5fbadf-931e-45ed-bc97-667808abb5ee,5435550831,7195181809646326664,355,35,10
a4d09fb0-2267-436f-8b5c-4fe0c1ca3be5,5435550832,1022695627697261522,98,16,10
f2a6a49e-190d-4b6d-a683-5cf6baf45045,5435550833,3873326490959191393,216,25,10
112bfda5-fa69-4f16-8165-81b4408417e8,5435550834,-6535953789043125235,215,84,10
a6eef492-fe4e-46c6-af2c-97de03e8c844,5435550835,-3825937741510187785,444,49,10
a1e3eb60-2554-4f20-a4e6-bd155629caa2,5435550836,-3886345587566692088,222,69,10
ba56c58f-5257-4b45-9584-06ef16bd56ba,5435550837,-4874939798958686305,370,30,10
2473ec45-0199-4686-85d9-4dd8a045b416,5435550838,3380873299645790658,188,80,10
18afcc18-83b4-4e13-bdc0-4f32f10c0e60,5435550839,527417240604958615,296,50,10
d1ea490a-e0ad-497f-adfd-984beb60a102,5435550840,-7964238359496771772,69,58,10
33f0d08e-f537-4e61-aa37-de952c1c6b4d,5435550841,-6246600375405614602,422,46,10
d4b8fb97-1bbc-4668-9f01-f8051242606d,5435550842,3613582194243646127,194,36,10
edc6fafa-7a0c-487d-a3e2-1776d2b75682,5435550843,-352285184549186630,434,53,10
f1421936-fe8a-4ba7-af21-e1449c57809e,5435550844,66272010718534041,354,0,10
7376422e-e2a7-4e74-ad22-dcbc9218c624,5435550845,-756179882077548630,87,56,10
b1d5dc22-87d3-4fe9-a3b2-7564ac17afaa,5435550846,8910565131065414252,54,80,10
9582e058-a9b1-4cb3-a8ef-d33023b40167,5435550847,-4533557488184030422,179,41,10
7cb3e942-c7a1-4c33-8969-2555c28b1bf4,5435550848,-8446095302018355017,76,88,10
c0862789-0a42-41c9-aa1e-de8d99d7f61f,5435550849,-5876141793030718069,198,22,10
1aa1a9f2-2d31-4607-a484-840e57d8ef0f,5435550850,-5298765174359392648,475,5,10
2b142570-01d5-46f7-bdb9-2237082bb278,5435550851,-1175185580265388056,125,35,10
5baeb06f-d726-4433-8f27-653f22631b11,5435550852,-183870164102060874,88,11,10
364d112b-4b2e-4bb7-97b1-ef76078e33b8,5435550853,-2115906809820625674,100,94,10
107e4693-3ee5-4aa2-9a24-2349b57af828,5435550854,4495286523416951790,206,86,10
660681e3-ed0f-4a02-8bec-badc56a47c91,5435550855,3678794027057750592,205,23,10
93bd4ff3-5c17-44e2-94fa-4a87a8e14cb4,5435550856,1076246813252162059,48,34,10
4f2c7a49-3106-413c-9872-b6535d9e8f6b,5435550857,5843201010991717437,284,81,10
69f288d2-4156-43ec-bb7c-830ef83c80d6,5435550858,5511757048371136382,440,63,10
af6e99d7-280d-4f0b-98df-acc2f2611219,5435550859,8976388960425857770,254,40,10
9ca53471-9c13-41a7-b6a5-21b0590e6279,5435550860,5706029030678115217,440,76,10
4127c178-4a64-46fc-abc0-eefab92fdc85,5435550861,-930863861565633646,426,99,10
1810482d-5d27-460d-a4f8-2018f596e174,5435550862,-4993766918601706500,450,8,10
3d78f1d8-dab7-44a7-a4c0-d7322001b643,5435550863,-3482052405296255925,223,91,10
b43e9f75-c722-48eb-a401-815e835397ac,5435550864,6563934017807916843,465,73,10
7c0492b2-880f-43ee-86fc-4d377e2be5c1,5435550865,-5470039666828839876,273,70,10
b4259393-3e5d-4638-8c51-4d2ad7dfd1b5,5435550866,8655552646059608986,186,22,10
1ac00ca2-a2a8-47f6-85b5-e7c8ea3c54d0,5435550867,1508246567186124999,207,14,10
f8ec7573-6c3e-45e7-8caf-9b4cd1d7c484,5435550868,-5619080431700080696,472,67,10
d72c65f7-43ad-4cfd-a8e3-f78df98aee9f,5435550869,-1649859737934276689,171,16,10
e58f7b2f-ae16-424f-86be-583b75016cef,5435550870,5960193098670881310,3,93,10
5ea00c28-cf31-45a1-9d51-f607724b7abd,5435550871,8630320381010132564,297,91,10
08708603-bc36-47ad-afac-55d7b7d5d8e6,5435550872,903704196214523462,146,11,10
797b46ae-7c27-44ff-80de-630fa3857279,5435550873,4086098897478266362,286,35,10
f629ab3a-6e7f-40a8-920b-3b649ca2f102,5435550874,6741035187679548885,326,77,10
29fb4163-7019-4a5b-85dc-be1c3b6b9758,5435550875,-593813265410183941,331,3,10
a4f4ab50-96a1-4b8c-9500-556035af031b,5435550876,7907297769670374055,187,43,10
f418825a-b4e2-4cb9-9b02-60c900a49264,5435550877,-2766724611549967472,69,18,10
586087f8-4603-4e08-9206-3ca635a7e167,5435550878,-28302907605450287,434,5,10
89e49382-8fdc-410f-8a62-f78d52b589f5,5435550879,396941156623916157,121,97,10
c6f5066e-84e6-4ba9-8484-88a9494beb2e,5435550880,-5983313620272839794,494,99,10
0815656d-13ba-444d-9a54-33e75e904b51,5435550881,1881702035553898133,381,57,10
ebaf4a81-0804-4c6d-b684-18b0847d6cdf,5435550882,-1857084738274690958,194,22,10
9d7254ab-81ff-4145-a3e2-d14c4145dbb0,5435550883,-782912267477575084,81,88,10
cadedd3c-db43-4cd3-8483-3bbe8cd7c4f0,5435550884,3113160195614369341,421,53,10
3934bd8b-00ce-4c2a-8e99-fc926d66c05c,5435550885,-1813898815563256822,152,60,10
42607273-8ea2-4e1e-a919-5a73a2567131,5435550886,-3206163273067046219,468,60,10
048ab5e9-2a1d-4f5d-a822-126d29079369,5435550887,-2393375164424109610,139,9,10
6f5ed4f6-04b2-4258-b262-4741b1b2b1d2,5435550888,-6785274664710946271,408,45,10
882d8043-c45b-4106-8e67-4e693d906fe4,5435550889,-5213871818582530049,365,43,10
66b86828-87b0-42a2-acef-726848a991a8,5435550890,2167045794604648549,345,33,10
48a9da7e-8605-4fe1-ae34-ca57e98246a0,5435550891,1956987169046081666,426,49,10
eb64d025-7269-4bbb-9eee-c21b3af48e0c,5435550892,-8076565746339968323,364,38,10
44714020-9d6b-41ac-abb0-5f22288c90d8,5435550893,3359705372051419751,234,62,10
c19c64b7-927d-455e-9405-a7e6e7ba6eac,5435550894,-8313045715305677694,487,12,10
cd8bb470-28ac-4c91-93da-f8b109add4d3,5435550895,-3993620522718660207,301,54,10
4a9f4334-de91-4ed7-8202-441f5f3195a6,5435550896,-5852470667387059247,93,63,10
103e8e19-f41a-4cd0-93d3-5caf1fd6c0b8,5435550897,-7394902846636916635,224,33,10
9f6fa0a3-2be1-4e66-b639-e158ea021244,5435550898,1895635929411664738,335,53,10
cd9e01d4-814e-47d4-a743-7067de649d1d,5435550899,2435943980513789323,351,0,10
e3c94775-26b2-45ce-ac43-204cf5f91dd1,5435550900,1035810596936670600,393,18,10
f0998932-9a5e-44a0-9d64-6db0ff37d48b,5435550901,4467742197437236643,97,27,10
d4958fee-9d14-4ff2-b472-fb465a66c1b3,5435550902,-136496663327061934,466,62,10
1bf9c4a7-64fd-4cfd-961f-1ae260d36299,5435550903,-5255074974322565306,290,86,10
53d600bc-93d6-4b2d-9253-ad7506203386,5435550904,1437204163266369807,60,58,10
1b7baff2-efb8-4177-915c-ac8fad91057d,5435550905,-6954335959187557750,3,93,10
5213e310-840e-457d-8895-9f585bf33f99,5435550906,-1070040218269179714,361,82,10
1bb4e1dd-38a5-44fe-b3d6-4fb9d4e6074a,5435550907,8807007606596746526,350,17,10
6a484056-0d72-45d7-85d5-09debe258021,5435550908,1697068521619076174,213,22,10
bbd68746-9178-4d20-951d-b29133308beb,5435550909,-8285926304553851778,60,53,10
92b5a710-131d-4e83-869c-890d47aba572,5435550910,-8687332962948592297,313,82,10
3b14c8ad-5359-445c-b0f3-b0ef8ed1f0f3,5435550911,758533860356462049,198,40,10
6d8dc016-882d-4120-b130-af7dbc292f57,5435550912,890151749739941513,98,12,10
8f6065ea-3e9e-48bf-beb5-547b176376db,5435550913,-8637053310509845523,388,30,10
af2ead64-0c89-4701-96d4-0d9a7efef518,5435550914,8394212106025323311,468,73,10
7c0641b7-d097-4758-9cff-757e24d7fd28,5435550915,3372492094986178587,239,26,10
85a0b8c6-84a8-43d2-9e0f-022ccbc746eb,5435550916,1984659828986208396,204,64,10
dfd1e57e-c5a0-4c3f-a8dc-f02491386dd2,5435550917,-9118423800154684028,270,33,10
3ea6345a-41e7-46d1-a7c2-ffa3f7febe53,5435550918,2922910791257802160,355,1,10
d7d803f4-d6bb-487b-9baf-939f911373f4,5435550919,4040167297177605884,123,17,10
55352585-2505-4944-95a8-b58538fb6649,5435550920,3634110295050762030,66,43,10
e6948dac-414e-4ffb-9ef1-63c5b007f3c9,5435550921,6747073207010923064,313,36,10
01b66d2e-786c-427d-85c9-ffe012394cfc,5435550922,-6312238474932481376,177,50,10
45694537-680b-4268-8110-79fa38b93d49,5435550923,-8029987638134520669,202,9,10
54b7046f-8ec3-40fb-9dee-f7fc30685ac6,5435550924,-8921604394501730536,367,38,10
9759a494-cc2f-450f-988d-09f8fa24b25a,5435550925,6285605232996479985,13,53,10
ccc2501d-b9b1-48e3-9100-812b32cab5e3,5435550926,2897581790309566963,317,5,10
a024299c-b297-4c97-bed2-21c3d78ec145,5435550927,-5477975329286917923,68,36,10
9be66750-beb0-43d6-b0a5-b9b40d6f9e89,5435550928,8707509965859599172,99,7,10
ea7db1c8-2fa5-420a-bbd0-3143aac8c03e,5435550929,5846349237153754652,233,36,10
f0c13d89-bc24-4bbb-a58c-02b378c47315,5435550930,-1593342233139737821,2,25,10
a8f3cd3f-f892-4c9c-974b-a1f488fb4d41,5435550931,5172466370522203150,289,18,10
13714f96-fd9c-4086-9753-67e2beee4725,5435550932,7038939593216367983,196,42,10
b2336f25-0c87-4937-8ae1-4ed08b2821f1,5435550933,-9072583313740112490,472,93,10
d9b29c11-47fd-42e7-8b20-ae6bcced0960,5435550934,-2378817864338202176,493,11,10
390fc78e-5550-4086-8ed4-67b00a257835,5435550935,2424719120245763911,340,51,10
5bf0ba61-c61f-426b-977e-8d98721c0051,5435550936,4062626657448034621,188,35,10
49204bf0-a1a9-411b-a661-d1a58ad38f48,5435550937,-2186685792043034804,428,82,10
38258ee6-ad8d-418c-ba56-bc8b07332291,5435550938,-5232506589081278065,496,80,10
a4dff01d-54ca-4205-b5f1-949629239bc0,5435550939,756703652825404462,120,32,10
b6a7ae2d-6ffb-4f12-a470-50c2a551c139,5435550940,5157356662569386249,133,91,10
975e9169-9aa0-4e25-b38d-c41a00f7f486,5435550941,3939701363927098113,412,89,10
9b00a0e5-0e92-400e-87b2-857ac45de507,5435550942,8102089772849238701,443,86,10
5d042114-f84c-4c02-a31f-989b2b7ca963,5435550943,-5963786009039381864,324,47,10
5b40c421-d90d-4372-9953-9a83c17a94de,5435550944,6609894717081442219,276,15,10
53d75c80-be10-4873-bc32-9a5d4fafa2be,5435550945,-2452463120336324566,139,5,10
0d3c8e00-25ab-4b6a-9b8e-03097b296191,5435550946,8465966266206633885,30,78,10
f6929a6a-82a5-4b25-81d1-bad7d52f552a,5435550947,6159268681450345488,246,5,10
ebc45cd6-5f68-492e-a653-6fd95ca25045,5435550948,-1965454040572025390,148,75,10
0010fea7-8702-41d5-89b5-abb49487cec5,5435550949,5015112770368583062,82,7,10
48698cce-ed99-4cdd-9877-45c4ef7af18a,5435550950,-5546754871082827287,448,69,10
ca8a17df-0de5-4e20-8335-353aeb54465b,5435550951,672964654718411741,377,89,10
446c71ed-5314-40b1-ae8e-53170b048f4c,5435550952,5899962778846370813,81,52,10
1217fad8-d37a-4704-85ed-b448478ab67f,5435550953,8471860654146591749,202,52,10
5f4d5339-e9a9-43ee-aa41-ee569e1e127d,5435550954,-2679126943983507395,187,73,10
58226d4c-497a-4865-86b0-87cc8a104fc4,5435550955,7779562096200678536,46,54,10
670e24b1-32f1-4e7b-b0e7-a0cc5a18b1a0,5435550956,5213698069400798616,433,68,10
3898c84d-3888-4e89-9786-0348667364c6,5435550957,-5563897363095222753,349,51,10
5e2dfbd0-5d29-41e4-8907-0952eeb3e663,5435550958,4434084507962867603,186,60,10
e5cd8d07-1e29-404d-bf89-1f14a8189651,5435550959,-7647508177898212594,19,25,10
27faa365-972a-4886-8a3d-9ae7f01fd30b,5435550960,3301696892966130199,63,67,10
f00795f4-b5d4-4e05-b72c-20fe40740e5c,5435550961,-8052884537987027784,23,0,10
5344828b-9d8e-48cd-97b8-75d44f079671,5435550962,6935349024637223646,473,11,10
89e19d13-b590-48dd-bc05-7713df7ac280,5435550963,8973133774203850461,487,37,10
dd0f61a9-7c1e-4540-a54a-c0e81dc9ee16,5435550964,6428487115238529835,425,63,10
61f72f36-e651-4d79-b0e4-bcea1d2ce96a,5435550965,-6560180169235978460,105,80,10
6825eb5f-19da-4457-832c-59b58611bf04,5435550966,-8500678173291868358,254,56,10
b38f72a6-c7cd-4154-b8ee-126afe27e31f,5435550967,-3572404202523275076,226,23,10
3233b1d7-2e1e-468f-b411-78115c099d12,5435550968,795435871056457242,338,68,10
3454b73f-21cf-422f-8c83-96bd0a5fba3f,5435550969,-1650154124339891355,314,65,10
176e2d70-e839-4a21-80e9-55f5ea21e375,5435550970,3276057084492904342,451,35,10
3dcbc995-c379-44e0-985a-f71baa68b21f,5435550971,2494787614715096643,187,39,10
16e3eddc-b89f-4bd2-beaa-d8e1705613f1,5435550972,6356292046323055239,471,44,10
77042c97-259a-4532-ab8e-6aeb2757d862,5435550973,2072041785776403992,245,28,10
007f233f-3b4d-4fcf-8802-9c1d276aa967,5435550974,-7035950015790315509,162,37,10
592461af-09b7-4978-a356-19cc364634a4,5435550975,7077863383334069804,14,72,10
8a62f687-7427-4384-8f49-d09b5cdafcbc,5435550976,5192166871804368153,274,8,10
2c929885-56ca-4f06-9aaf-cd25527a72d0,5435550977,-9033470666064141259,440,6,10
ebf7855e-02e7-41eb-8c38-b75d5450a07d,5435550978,813638915089005529,167,33,10
b88a3bd1-ff31-4083-a56a-774170c43fd6,5435550979,6946373730745620532,89,46,10
b72cf459-9a4f-4039-b051-775b846a41fa,5435550980,8176535362834937931,383,29,10
dba9e83e-a4a1-403b-bbcf-c5abb292b870,5435550981,4521434094351481450,187,51,10
e815c708-1af2-41b2-a45e-0dbd98ba6bef,5435550982,-4828289342868554285,64,55,10
17755dfb-88c0-4066-a869-28bf42aca875,5435550983,-3261868507706716443,201,66,10
999ad35a-bcf2-4b64-9303-df31a158fdc9,5435550984,-6734508028202948905,361,40,10
06f1993f-38d3-43a1-b948-e2e820244fcd,5435550985,5652016848520240192,199,3,10
9461bed7-623d-4af7-abdb-319e6cd3a0a9,5435550986,7986032133711081446,184,95,10
225dcb43-eb1d-47ef-9505-0dd9b05a0021,5435550987,9074383912224544297,151,5,10
d402b808-6a53-4db4-a717-3a8796519bac,5435550988,-9015400271815167202,130,25,10
8817064d-0faa-43c3-b845-a2b16ce8ef4c,5435550989,-7311190458031709048,471,80,10
9ad63e11-5689-415e-98de-b1dd8dbb0ba2,5435550990,-7097640959302944569,266,72,10
4a1a8f0c-4a7f-49c3-9315-8dc07572482c,5435550991,-2437537601505050223,330,23,10
861549d8-6fe1-4ba2-b218-6df419eec3d2,5435550992,-6504323678257319485,329,31,10
f68436b3-5d7e-438c-a786-7b3e2daa2bbd,5435550993,5576439962564017254,242,39,10
47ebf2c8-fd7b-4b8a-8ea7-31f4b901d189,5435550994,-3753372852943955405,483,10,10
61e363ac-5715-43c8-a8c3-349a56cd028b,5435550995,2510616732043462756,458,36,10
d9f32718-cde1-4e23-b459-45ccc4538da2,5435550996,-577729004388536763,19,2,10
8be0c547-b279-47f4-bf18-b249cba69de4,5435550997,2473700623701653625,394,70,10
3ab47e8d-9ebf-4539-b28e-cfb496c499cf,5435550998,2612142733495336398,321,48,10
bd82539c-c163-4b84-8d6e-dcc33b8ffab6,5435550999,3093968397183032445,160,78,10
6b1777d7-7fe8-4522-baf6-689bd01673e5,5435551000,3872855708874444884,11,20,10